index,FlightDate,Origin,Dest,Reporting_Airline,Tail_Number,Flight_Number_Reporting_Airline,CRSDepTime,DepTime,CRSArrTime,ArrTime,WheelsOff,WheelsOn,Cancelled
274635,1996-05-25,LGA,ATL,DL,N982DL,601,600,600,809,807,615,759,False
274636,1996-05-25,LGA,CLT,US,N433US,127,600,643,750,811,657,808,False
274637,1996-05-25,LGA,CVG,DL,N651DL,347,600,602,752,800,616,750,False
274638,1996-05-25,LGA,DFW,AA,N499AA,1379,600,603,847,825,613,820,False
274639,1996-05-25,LGA,IAH,CO,N17326,741,600,602,844,822,612,818,False
274640,1996-05-25,ORD,LGA,UA,N414UA,698,600,606,853,847,616,844,False
274641,1996-05-25,BUF,LGA,US,N282AU,1063,620,621,730,716,625,711,False
274642,1996-05-25,LGA,MEM,NW,N345NW,631,625,625,805,800,637,751,False
274643,1996-05-25,LGA,ORD,UA,N562UA,699,625,625,734,746,645,738,False
274644,1996-05-25,LGA,DFW,DL,N926DL,527,630,636,908,848,646,842,False
274645,1996-05-25,ATL,LGA,DL,N129DL,448,630,638,829,833,653,827,False
274646,1996-05-25,ORF,LGA,US,N899US,486,630,627,744,739,635,729,False
274647,1996-05-25,ROC,LGA,US,N822US,2354,630,711,734,807,718,802,False
274648,1996-05-25,LGA,MSP,NW,N302RC,1762,630,630,822,834,648,829,False
274649,1996-05-25,LGA,ORD,AA,N5CCAA,303,630,628,742,744,639,740,False
274650,1996-05-25,LGA,STL,TW,N902TW,777,635,632,810,815,643,807,False
274651,1996-05-25,LGA,IND,US,N577US,411,645,650,752,809,701,803,False
274652,1996-05-25,LGA,BWI,US,N259AU,570,650,652,749,749,704,745,False
274653,1996-05-25,LGA,CLE,CO,N92874,1263,650,649,823,826,709,823,False
274654,1996-05-25,LGA,DTW,NW,N341NW,285,650,653,838,833,707,826,False
274655,1996-05-25,DFW,LGA,AA,N420AA,700,650,653,1100,1102,710,1057,False
274656,1996-05-25,LGA,IAD,UA,N551UA,169,655,654,805,753,705,750,False
274657,1996-05-25,LGA,MIA,AA,N476AA,1637,659,658,948,939,715,933,False
274658,1996-05-25,LGA,ORF,US,N262AU,1865,659,659,808,810,719,807,False
274659,1996-05-25,LGA,BNA,AA,N279AA,693,700,656,822,812,710,802,False
274660,1996-05-25,LGA,DEN,UA,N350UA,1239,700,659,907,917,719,910,False
274661,1996-05-25,LGA,DFW,AA,N487AA,295,700,657,947,927,713,921,False
274662,1996-05-25,CMH,LGA,HP,N183AW,934,700,656,830,820,704,817,False
274663,1996-05-25,DTW,LGA,NW,N671MC,518,700,718,839,849,737,842,False
274664,1996-05-25,GSO,LGA,US,N888AU,423,700,701,830,825,711,820,False
274665,1996-05-25,MIA,LGA,AA,N580AA,1246,700,701,950,949,714,945,False
274666,1996-05-25,ORD,LGA,AA,N513AA,394,700,705,954,954,723,951,False
274667,1996-05-25,ORD,LGA,UA,N431UA,696,700,700,952,940,710,938,False
274668,1996-05-25,LGA,ORD,UA,N7448U,697,700,721,815,904,800,852,False
274669,1996-05-25,LGA,ROC,US,N445US,2278,700,656,810,806,714,801,False
274670,1996-05-25,LGA,TPA,DL,N930DL,315,700,657,944,947,723,939,False
274671,1996-05-25,CLE,LGA,CO,N14341,256,705,702,830,830,723,824,False
274672,1996-05-25,IAD,LGA,UA,N7289U,1586,705,705,805,801,717,759,False
274673,1996-05-25,LGA,TPA,US,N375US,2186,705,718,955,946,727,944,False
274674,1996-05-25,MIA,LGA,UA,N332UA,992,707,701,959,945,713,943,False
274675,1996-05-25,IND,LGA,US,N590US,1622,710,709,959,954,724,949,False
274676,1996-05-25,LGA,PIT,US,N624AU,1104,710,733,838,857,744,849,False
274677,1996-05-25,CVG,LGA,DL,N965DL,1244,720,731,901,908,749,904,False
274678,1996-05-25,LGA,MCO,US,N802US,2238,725,737,1006,1002,754,957,False
274679,1996-05-25,LGA,BOS,DL,N479DA,1822,730,731,829,818,741,814,False
274680,1996-05-25,LGA,BUF,US,N971VJ,1135,730,732,844,837,743,833,False
274681,1996-05-25,LGA,DCA,DL,N474DA,1743,730,732,834,821,740,818,False
274682,1996-05-25,LGA,DFW,AA,N574AA,739,730,729,1018,1018,751,1008,False
274683,1996-05-25,BOS,LGA,DL,N415DA,1823,730,730,832,823,741,819,False
274684,1996-05-25,DCA,LGA,DL,N413DA,1742,730,730,830,821,738,817,False
274685,1996-05-25,DFW,LGA,DL,N907DE,654,730,728,1146,1140,741,1130,False
274686,1996-05-25,LGA,PBI,DL,N119DL,259,730,726,1018,959,746,954,False
274687,1996-05-25,LGA,FLL,DL,N657DL,407,735,731,1030,1006,748,1004,False
274688,1996-05-25,MSP,LGA,NW,N8979E,502,735,733,1107,1055,744,1049,False
274689,1996-05-25,TPA,LGA,US,N389US,1896,735,738,1010,1010,749,1006,False
274690,1996-05-25,LGA,MCI,US,N805US,204,735,735,949,937,748,931,False
274691,1996-05-25,STL,LGA,TW,N9412W,468,740,807,1104,1125,827,1120,False
274692,1996-05-25,MIA,LGA,AA,N5EBAA,1132,745,744,1039,1025,755,1020,False
274693,1996-05-25,MCO,LGA,US,N442US,2201,750,802,1028,1030,817,1025,False
274694,1996-05-25,LGA,MIA,AA,N5CAAA,613,755,759,1042,1040,811,1035,False
274695,1996-05-25,LGA,DTW,NW,N729RW,521,759,802,949,955,823,941,False
274696,1996-05-25,LGA,PBI,TW,N54330,293,759,756,1049,1021,808,1017,False
274697,1996-05-25,LGA,ATL,DL,N622DL,605,800,800,1022,1011,815,957,False
274698,1996-05-25,FLL,LGA,DL,N669DN,658,800,759,1035,1041,809,1033,False
274699,1996-05-25,IAH,LGA,CO,N17386,420,800,759,1218,1206,810,1201,False
274700,1996-05-25,ORD,LGA,UA,N563UA,694,800,801,1056,1049,814,1045,False
274701,1996-05-25,LGA,MCO,DL,N670DN,1159,800,758,1040,1028,818,1023,False
274702,1996-05-25,LGA,ORD,AA,N630AA,309,800,800,921,914,810,904,False
274703,1996-05-25,LGA,ORD,UA,UNKNOW,695,800,9999,915,9999,9999,9999,True
274704,1996-05-25,LGA,MCO,AA,N589AA,1343,808,805,1049,1036,821,1030,False
274705,1996-05-25,LGA,IAH,CO,N57837,1635,810,807,1102,1043,825,1039,False
274706,1996-05-25,MCO,LGA,DL,N658DL,236,810,811,1030,1033,821,1028,False
274707,1996-05-25,DEN,LGA,UA,N327UA,1678,815,840,1347,1402,853,1358,False
274708,1996-05-25,DFW,LGA,AA,N530AA,708,815,815,1230,1238,842,1232,False
274709,1996-05-25,PIT,LGA,US,N818US,519,815,814,929,917,825,912,False
274710,1996-05-25,LGA,CLT,US,N899US,1125,820,828,1015,1021,845,1018,False
274711,1996-05-25,LGA,DEN,UA,N427UA,347,825,830,1035,1053,847,1041,False
274712,1996-05-25,LGA,BOS,DL,N481DA,1824,830,831,930,915,838,913,False
274713,1996-05-25,LGA,DCA,DL,N414DA,1745,830,832,938,925,841,921,False
274714,1996-05-25,ATL,LGA,DL,N978DL,506,830,836,1038,1042,857,1036,False
274715,1996-05-25,BOS,LGA,DL,N417DA,1825,830,830,930,925,845,921,False
274716,1996-05-25,DCA,LGA,DL,N471DA,1744,830,831,919,916,837,914,False
274717,1996-05-25,LGA,PBI,US,N441US,1189,830,833,1122,1111,851,1106,False
274718,1996-05-25,BNA,LGA,AA,N2ALAA,1088,831,831,1132,1128,845,1124,False
274719,1996-05-25,BWI,LGA,US,N241US,375,834,843,930,929,853,926,False
274720,1996-05-25,LGA,CLT,US,N231US,207,835,835,1035,1025,853,1022,False
274721,1996-05-25,CLT,LGA,US,N438US,60,835,858,1018,1036,916,1031,False
274722,1996-05-25,LGA,FLL,US,N822US,2354,840,844,1147,1131,859,1128,False
274723,1996-05-25,LGA,STL,TW,N904TW,229,840,838,1020,1011,858,1007,False
274724,1996-05-25,LGA,DFW,AA,N448AA,85,855,857,1148,1122,910,1115,False
274725,1996-05-25,LGA,MIA,AA,N882AA,411,859,901,1151,1157,925,1144,False
274726,1996-05-25,LGA,ATL,DL,N943DL,607,900,856,1130,1119,919,1109,False
274727,1996-05-25,LGA,CMH,HP,N180AW,409,900,900,1046,1050,920,1045,False
274728,1996-05-25,BUF,LGA,US,N285AU,654,900,858,1009,958,904,954,False
274729,1996-05-25,MEM,LGA,NW,N309RC,630,900,859,1225,1226,920,1221,False
274730,1996-05-25,ORD,LGA,AA,N446AA,386,900,858,1200,1146,915,1143,False
274731,1996-05-25,LGA,ORD,UA,N7289U,693,900,903,1013,1023,923,1016,False
274732,1996-05-25,CVG,LGA,DL,N679DA,1648,905,913,1047,1054,929,1047,False
274733,1996-05-25,DTW,LGA,NW,N303US,431,905,901,1045,1025,913,1019,False
274734,1996-05-25,DFW,LGA,AA,N207AA,710,915,922,1330,1324,930,1318,False
274735,1996-05-25,LGA,PIT,US,N888AU,1089,920,919,1050,1034,931,1031,False
274736,1996-05-25,LGA,BUF,US,N227AU,996,929,930,1044,1040,944,1035,False
274737,1996-05-25,MSP,LGA,NW,N820EA,504,929,927,1300,1243,940,1236,False
274738,1996-05-25,LGA,BOS,DL,N415DA,1826,930,933,1030,1021,946,1017,False
274739,1996-05-25,LGA,CLE,CO,N14341,263,930,926,1107,1054,949,1049,False
274740,1996-05-25,LGA,DCA,DL,N413DA,1747,930,933,1034,1025,946,1022,False
274741,1996-05-25,LGA,DTW,NW,N533US,69,930,927,1123,1107,939,1056,False
274742,1996-05-25,BOS,LGA,DL,N479DA,1827,930,930,1029,1034,944,1029,False
274743,1996-05-25,DCA,LGA,DL,N474DA,1746,930,931,1022,1026,944,1022,False
274744,1996-05-25,LGA,ORD,AA,N226AA,315,930,930,1051,1040,940,1036,False
274745,1996-05-25,LGA,DEN,UA,N326UA,1689,940,1149,1201,1345,1208,1341,False
274746,1996-05-25,LGA,PIT,US,N972VJ,577,940,939,1103,1053,949,1046,False
274747,1996-05-25,IAH,LGA,CO,N14609,1733,945,946,1359,1405,1002,1401,False
274748,1996-05-25,MIA,LGA,AA,N880AA,684,950,949,1232,1230,1004,1228,False
274749,1996-05-25,LGA,MIA,AA,N718AA,1871,959,954,1248,1226,1004,1220,False
274750,1996-05-25,LGA,ATL,DL,N981DL,611,1000,958,1223,1212,1010,1159,False
274751,1996-05-25,LGA,CVG,DL,N603DL,379,1000,959,1158,1154,1016,1148,False
274752,1996-05-25,CLT,LGA,US,N886US,1516,1000,1004,1145,1145,1022,1140,False
274753,1996-05-25,ORD,LGA,UA,N7297U,690,1000,1004,1251,1244,1014,1241,False
274754,1996-05-25,LGA,ORD,AA,N278AA,317,1000,1002,1121,1113,1011,1110,False
274755,1996-05-25,LGA,ORD,UA,N414UA,691,1000,1007,1117,1118,1018,1112,False
274756,1996-05-25,STL,LGA,TW,N54327,140,1007,1011,1328,1327,1024,1323,False
274757,1996-05-25,ORF,LGA,US,N946VJ,430,1010,1007,1124,1109,1012,1105,False
274758,1996-05-25,CLE,LGA,CO,N58545,1172,1025,1025,1146,1139,1037,1136,False
274759,1996-05-25,LGA,LWB,US,N241US,1729,1025,1024,1204,1143,1033,1130,False
274760,1996-05-25,LGA,IAH,CO,N77827,547,1029,1029,1316,1307,1050,1303,False
274761,1996-05-25,LGA,MCO,US,N818US,259,1029,1028,1305,1253,1039,1247,False
274762,1996-05-25,LGA,BOS,DL,N417DA,1828,1030,1030,1125,1123,1047,1119,False
274763,1996-05-25,LGA,DCA,DL,N471DA,1749,1030,1020,1132,1120,1035,1117,False
274764,1996-05-25,LGA,DFW,AA,N580AA,789,1030,1029,1311,1258,1045,1251,False
274765,1996-05-25,ATL,LGA,DL,N913DE,512,1030,1029,1238,1222,1040,1216,False
274766,1996-05-25,BOS,LGA,DL,N481DA,1829,1030,1031,1130,1126,1040,1123,False
274767,1996-05-25,DCA,LGA,DL,N414DA,1748,1030,1031,1118,1116,1037,1112,False
274768,1996-05-25,DTW,LGA,NW,N345NW,936,1035,1113,1211,1233,1125,1228,False
274769,1996-05-25,DEN,LGA,UA,N347UA,506,1040,1129,1613,1649,1140,1646,False
274770,1996-05-25,TPA,LGA,DL,N930DL,606,1040,1040,1307,1305,1048,1300,False
274771,1996-05-25,TPA,LGA,US,N375US,1286,1040,1039,1317,1308,1047,1305,False
274772,1996-05-25,DFW,LGA,AA,N203AA,716,1045,1049,1456,1502,1100,1456,False
274773,1996-05-25,LGA,BWI,US,N285AU,1555,1050,1050,1149,1142,1100,1137,False
274774,1996-05-25,LGA,MCO,DL,N129DL,1601,1055,1053,1330,1318,1109,1311,False
274775,1996-05-25,LGA,RSW,US,N389US,215,1055,1109,1358,1403,1123,1359,False
274776,1996-05-25,LGA,CHS,US,N590US,307,1059,1058,1254,1249,1113,1241,False
274777,1996-05-25,LGA,DEN,UA,N332UA,1211,1100,1100,1307,1305,1117,1301,False
274778,1996-05-25,CVG,LGA,DL,N504DA,712,1100,1100,1239,1239,1119,1233,False
274779,1996-05-25,MSY,LGA,US,N259AU,2152,1100,1100,1455,1442,1111,1438,False
274780,1996-05-25,ORD,LGA,AA,N294AA,378,1100,1059,1349,1338,1107,1335,False
274781,1996-05-25,ORD,LGA,UA,N404UA,688,1100,1101,1359,1342,1110,1339,False
274782,1996-05-25,LGA,ORD,AA,N513AA,321,1100,1055,1219,1204,1105,1200,False
274783,1996-05-25,LGA,ORD,UA,N431UA,689,1100,1102,1214,1223,1121,1214,False
274784,1996-05-25,LGA,RSW,DL,N412DA,2173,1100,1059,1350,1344,1116,1340,False
274785,1996-05-25,IAH,LGA,CO,N17309,1676,1105,1139,1523,1555,1151,1547,False
274786,1996-05-25,FLL,LGA,US,N812US,1114,1110,1108,1359,1407,1127,1400,False
274787,1996-05-25,LGA,DTW,NW,N671MC,527,1115,1115,1309,1258,1128,1247,False
274788,1996-05-25,FLL,LGA,DL,N1734D,406,1115,1121,1359,1358,1132,1350,False
274789,1996-05-25,MIA,LGA,AA,N522AA,1194,1115,1113,1412,1402,1125,1356,False
274790,1996-05-25,LGA,CLT,US,N442US,338,1120,1127,1310,1255,1137,1250,False
274791,1996-05-25,PBI,LGA,DL,N119DL,702,1120,1121,1400,1352,1129,1345,False
274792,1996-05-25,MCO,LGA,AA,N589AA,1348,1129,1127,1359,1346,1140,1342,False
274793,1996-05-25,LGA,BOS,DL,N479DA,1830,1130,1131,1228,1214,1141,1212,False
274794,1996-05-25,LGA,DCA,DL,N474DA,1751,1130,1130,1230,1226,1145,1223,False
274795,1996-05-25,BOS,LGA,DL,N415DA,1831,1130,1130,1229,1227,1141,1224,False
274796,1996-05-25,DCA,LGA,DL,N413DA,1750,1130,1130,1230,1214,1136,1211,False
274797,1996-05-25,LGA,MEM,NW,N303US,259,1130,1129,1315,1303,1147,1254,False
274798,1996-05-25,MSP,LGA,NW,N511US,506,1135,1131,1511,1454,1149,1446,False
274799,1996-05-25,MCO,LGA,DL,N674DL,344,1139,1142,1405,1412,1156,1405,False
274800,1996-05-25,LGA,DFW,DL,N965DL,363,1140,1146,1418,1409,1204,1402,False
274801,1996-05-25,MCO,LGA,US,N385US,2219,1140,1245,1420,1518,1302,1514,False
274802,1996-05-25,PIT,LGA,US,N530AU,983,1145,1146,1300,1256,1201,1250,False
274803,1996-05-25,LGA,PBI,DL,N669DN,609,1145,1143,1433,1411,1157,1405,False
274804,1996-05-25,LGA,ROC,US,N282AU,398,1145,1147,1250,1259,1211,1256,False
274805,1996-05-25,PBI,LGA,US,N394US,1186,1150,1149,1433,1429,1200,1424,False
274806,1996-05-25,PBI,LGA,TW,N54330,396,1154,1150,1430,1419,1204,1417,False
274807,1996-05-25,BUF,LGA,US,N939VJ,590,1155,1157,1259,1251,1201,1247,False
274808,1996-05-25,LGA,MSP,NW,N8979E,505,1155,1152,1348,1350,1210,1345,False
274809,1996-05-25,LGA,STL,TW,N9412W,659,1155,1155,1329,1348,1227,1343,False
274810,1996-05-25,LGA,ATL,DL,N658DL,617,1200,1200,1422,1417,1223,1409,False
274811,1996-05-25,LGA,DFW,AA,N420AA,491,1200,1158,1459,1423,1214,1415,False
274812,1996-05-25,LGA,ORD,AA,N553AA,325,1200,1158,1322,1324,1216,1319,False
274813,1996-05-25,LGA,ORD,UA,N7294U,687,1200,1158,1311,1317,1212,1311,False
274814,1996-05-25,LGA,PIT,US,N438US,1948,1200,1202,1325,1325,1220,1321,False
274815,1996-05-25,RSW,LGA,US,N785AU,1261,1205,1209,1450,1445,1216,1440,False
274816,1996-05-25,CHS,LGA,US,N824US,288,1215,1218,1359,1359,1226,1354,False
274817,1996-05-25,LGA,BNA,AA,N2ALAA,1323,1218,1216,1339,1324,1229,1317,False
274818,1996-05-25,BWI,LGA,US,N914VJ,1680,1220,1236,1315,1322,1244,1317,False
274819,1996-05-25,CLT,LGA,US,N352US,1272,1220,1338,1359,1502,1342,1457,False
274820,1996-05-25,DTW,LGA,NW,N301US,526,1225,1222,1405,1402,1247,1357,False
274821,1996-05-25,LGA,BOS,DL,N481DA,1832,1230,1233,1323,1320,1244,1317,False
274822,1996-05-25,LGA,DCA,DL,N414DA,1753,1230,1237,1329,1330,1248,1326,False
274823,1996-05-25,ATL,LGA,DL,N904DE,526,1230,1230,1439,1431,1245,1422,False
274824,1996-05-25,BOS,LGA,DL,N417DA,1833,1230,1230,1329,1325,1244,1321,False
274825,1996-05-25,DCA,LGA,DL,N471DA,1752,1230,1232,1321,1325,1240,1322,False
274826,1996-05-25,LGA,MIA,AA,N5EBAA,967,1230,1229,1520,1508,1242,1501,False
274827,1996-05-25,LGA,SYR,US,N886US,1516,1230,1228,1325,1321,1237,1318,False
274828,1996-05-25,DEN,LGA,UA,N320UA,1520,1238,1255,1815,1814,1306,1812,False
274829,1996-05-25,LGA,CLE,CO,N58545,1507,1245,1245,1423,1408,1256,1403,False
274830,1996-05-25,LGA,FLL,DL,N679DA,263,1245,1244,1535,1522,1259,1519,False
274831,1996-05-25,LWB,LGA,US,N241US,1730,1245,1241,1356,1351,1247,1347,False
274832,1996-05-25,LGA,MCO,DL,N907DE,421,1245,1239,1520,1525,1254,1519,False
274833,1996-05-25,MCI,LGA,US,N429US,2139,1250,1253,1634,1624,1301,1618,False
274834,1996-05-25,LGA,DTW,NW,N318US,337,1255,1253,1440,1439,1315,1430,False
274835,1996-05-25,DFW,LGA,AA,N587AA,724,1255,1258,1717,1712,1315,1707,False
274836,1996-05-25,DFW,LGA,DL,N924DL,2062,1258,1258,1730,1711,1317,1704,False
274837,1996-05-25,LGA,BUF,US,N946VJ,2141,1300,1259,1409,1403,1310,1359,False
274838,1996-05-25,BNA,LGA,AA,N536AA,1192,1300,1258,1602,1601,1313,1557,False
274839,1996-05-25,FLL,LGA,US,N255AU,2043,1300,1339,1559,1629,1350,1623,False
274840,1996-05-25,ORD,LGA,AA,N513AA,370,1300,1259,1557,1558,1316,1550,False
274841,1996-05-25,ORD,LGA,UA,UNKNOW,686,1300,9999,1554,9999,9999,9999,True
274842,1996-05-25,LGA,ORD,UA,N563UA,685,1300,1303,1417,1412,1313,1405,False
274843,1996-05-25,MSP,LGA,NW,N308US,1765,1310,1307,1649,1631,1325,1625,False
274844,1996-05-25,STL,LGA,TW,N957U,114,1310,1327,1634,1658,1347,1653,False
274845,1996-05-25,IAH,LGA,CO,N15820,1780,1320,1336,1737,1754,1352,1749,False
274846,1996-05-25,ROC,LGA,US,N282AU,1819,1320,1324,1424,1416,1330,1412,False
274847,1996-05-25,LGA,DFW,AA,N446AA,871,1323,1322,1622,1554,1333,1535,False
274848,1996-05-25,LGA,CVG,DL,N504DA,1531,1329,1326,1526,1526,1345,1522,False
274849,1996-05-25,LGA,IAH,CO,N17386,672,1329,1326,1618,1559,1338,1553,False
274850,1996-05-25,ATL,LGA,DL,N908DL,532,1330,1357,1539,1609,1418,1600,False
274851,1996-05-25,ORD,LGA,UA,N7449U,630,1330,1350,1630,1646,1409,1642,False
274852,1996-05-25,LGA,MIA,AA,N880AA,463,1330,1330,1620,1617,1341,1612,False
274853,1996-05-25,MIA,LGA,AA,N878AA,1462,1340,1608,1641,1848,1626,1843,False
274854,1996-05-25,LGA,MSP,NW,N309RC,563,1340,1340,1534,1540,1358,1532,False
274855,1996-05-25,LGA,DTW,NW,N820EA,531,1350,1353,1545,1538,1404,1522,False
274856,1996-05-25,DTW,LGA,NW,N523US,481,1350,1521,1530,1654,1539,1648,False
274857,1996-05-25,LGA,MCO,US,N530AU,1451,1350,1412,1626,1646,1433,1640,False
274858,1996-05-25,LGA,MSY,US,N375US,2148,1359,1359,1610,1551,1410,1548,False
274859,1996-05-25,LGA,ATL,DL,N913DE,621,1400,1401,1625,1608,1413,1558,False
274860,1996-05-25,LGA,BWI,US,N914VJ,685,1400,1405,1459,1458,1416,1453,False
274861,1996-05-25,LGA,CLT,US,N939VJ,1065,1400,1400,1548,1532,1411,1527,False
274862,1996-05-25,MCO,LGA,US,N818US,208,1400,1503,1634,1757,1541,1752,False
274863,1996-05-25,MIA,LGA,AA,N613AA,508,1400,1400,1659,1645,1415,1638,False
274864,1996-05-25,ORD,LGA,UA,N349UA,682,1400,1357,1708,1647,1412,1643,False
274865,1996-05-25,LGA,ORD,UA,N7297U,683,1400,1359,1513,1523,1408,1457,False
274866,1996-05-25,CLE,LGA,CO,N14206,482,1405,1404,1530,1528,1422,1523,False
274867,1996-05-25,MEM,LGA,NW,N285US,550,1410,1410,1743,1736,1429,1729,False
274868,1996-05-25,LGA,CLT,US,N776AU,1187,1415,1419,1605,1551,1430,1547,False
274869,1996-05-25,DFW,LGA,AA,N531AA,730,1415,1452,1833,1855,1502,1852,False
274870,1996-05-25,PIT,LGA,US,N224US,970,1415,1421,1530,1523,1430,1519,False
274871,1996-05-25,LGA,STL,TW,N54327,519,1420,1418,1553,1544,1434,1537,False
274872,1996-05-25,LGA,TPA,DL,N992DL,285,1420,1427,1704,1707,1438,1703,False
274873,1996-05-25,LGA,BOS,DL,N417DA,1836,1430,1430,1524,1520,1440,1515,False
274874,1996-05-25,LGA,DCA,DL,N471DA,1757,1430,1430,1529,1525,1441,1522,False
274875,1996-05-25,LGA,DEN,UA,N327UA,1539,1430,1441,1634,1655,1451,1645,False
274876,1996-05-25,BOS,LGA,DL,N481DA,1837,1430,1430,1529,1525,1442,1522,False
274877,1996-05-25,DCA,LGA,DL,N414DA,1756,1430,1430,1529,1527,1438,1517,False
274878,1996-05-25,LGA,PHL,US,N241US,1737,1430,1434,1528,1520,1443,1514,False
274879,1996-05-25,MCO,LGA,DL,N973DL,1160,1435,1545,1705,1821,1611,1816,False
274880,1996-05-25,MSP,LGA,NW,N8878Z,110,1435,1432,1805,1751,1444,1744,False
274881,1996-05-25,LGA,DFW,AA,N207AA,25,1445,1442,1745,1722,1452,1657,False
274882,1996-05-25,RSW,LGA,DL,N412DA,2174,1445,1442,1725,1720,1453,1712,False
274883,1996-05-25,LGA,TPA,US,N824US,1293,1445,1518,1731,1749,1527,1746,False
274884,1996-05-25,LGA,IAD,UA,N404UA,1021,1455,1503,1609,1600,1514,1557,False
274885,1996-05-25,LGA,IAH,CO,N14609,171,1459,1455,1747,1705,1505,1700,False
274886,1996-05-25,LGA,ATL,DL,N1734D,625,1500,1458,1726,1719,1518,1655,False
274887,1996-05-25,CVG,LGA,DL,N127DL,174,1500,1501,1658,1706,1532,1654,False
274888,1996-05-25,ORD,LGA,AA,N553AA,362,1500,1458,1759,1752,1514,1747,False
274889,1996-05-25,ORD,LGA,UA,N405UA,680,1500,1539,1756,1822,1550,1819,False
274890,1996-05-25,LGA,MIA,AA,N530AA,1041,1500,1457,1804,1743,1506,1730,False
274891,1996-05-25,LGA,ORD,AA,N515AA,337,1500,1457,1625,1632,1510,1606,False
274892,1996-05-25,LGA,PBI,DL,N674DL,181,1500,1457,1751,1727,1512,1724,False
274893,1996-05-25,LGA,FLL,US,N385US,2169,1505,1613,1807,1847,1622,1845,False
274894,1996-05-25,DTW,LGA,NW,N345NW,520,1505,9999,1646,9999,9999,9999,True
274895,1996-05-25,LGA,MSP,NW,N301US,151,1510,1509,1705,1703,1524,1653,False
274896,1996-05-25,CLT,LGA,US,N783AU,981,1520,1523,1700,1655,1532,1650,False
274897,1996-05-25,LGA,PIT,US,N394US,775,1520,1521,1650,1634,1531,1627,False
274898,1996-05-25,MIA,LGA,AA,N708AA,2152,1525,1525,1818,1813,1548,1810,False
274899,1996-05-25,LGA,CVG,DL,N119DL,1187,1530,1528,1733,1713,1542,1707,False
274900,1996-05-25,ATL,LGA,DL,N959DL,556,1530,1530,1744,1741,1542,1739,False
274901,1996-05-25,DEN,LGA,UA,N7278U,780,1530,1533,2055,2053,1544,2049,False
274902,1996-05-25,DFW,LGA,AA,N451AA,736,1555,1559,2016,2008,1613,2004,False
274903,1996-05-25,IAH,LGA,CO,N14839,1918,1555,1557,2013,2008,1607,2002,False
274904,1996-05-25,LGA,ATL,DL,N978DL,627,1600,1557,1827,1800,1602,1752,False
274905,1996-05-25,BWI,LGA,US,N247US,1888,1600,1606,1659,1703,1618,1657,False
274906,1996-05-25,PIT,LGA,US,N918VJ,1140,1610,1620,1730,1728,1630,1722,False
274907,1996-05-25,LGA,DTW,NW,N511US,488,1612,1610,1806,1754,1623,1746,False
274908,1996-05-25,LGA,IAH,CO,N17309,1717,1615,1631,1908,1859,1640,1842,False
274909,1996-05-25,LGA,BOS,DL,N481DA,1840,1630,1631,1731,1726,1643,1722,False
274910,1996-05-25,LGA,CLE,CO,N14206,1291,1630,1625,1806,1749,1633,1742,False
274911,1996-05-25,LGA,DCA,DL,N414DA,1761,1630,1633,1736,1730,1645,1725,False
274912,1996-05-25,ATL,LGA,DL,N967DL,564,1630,1631,1835,1827,1641,1821,False
274913,1996-05-25,BOS,LGA,DL,N417DA,1841,1630,1630,1729,1717,1639,1716,False
274914,1996-05-25,DCA,LGA,DL,N471DA,1760,1630,1630,1730,1815,1733,1813,False
274915,1996-05-25,ORD,LGA,AA,N285AA,356,1630,1629,1933,1914,1644,1912,False
274916,1996-05-25,MCO,LGA,DL,N118DL,1228,1635,1634,1858,1855,1644,1848,False
274917,1996-05-25,LGA,DFW,AA,N589AA,1403,1644,1643,1935,1909,1653,1900,False
274918,1996-05-25,BUF,LGA,US,N228US,1077,1645,1646,1754,1744,1654,1739,False
274919,1996-05-25,CLT,LGA,US,N433US,973,1645,1644,1828,1817,1657,1814,False
274920,1996-05-25,CMH,LGA,HP,N138AW,2938,1645,1814,1811,1936,1822,1933,False
274921,1996-05-25,DTW,LGA,NW,N541US,70,1655,1703,1839,1830,1716,1824,False
274922,1996-05-25,FLL,LGA,DL,N679DA,792,1655,1653,1943,1942,1706,1930,False
274923,1996-05-25,LGA,BUF,US,N282AU,436,1659,1707,1817,1807,1713,1801,False
274924,1996-05-25,LGA,DEN,UA,N347UA,531,1659,1725,1912,1924,1735,1920,False
274925,1996-05-25,LGA,MSP,NW,N523US,373,1659,1737,1857,1926,1748,1923,False
274926,1996-05-25,ORD,LGA,UA,N545UA,676,1700,1741,2006,2024,1752,2020,False
274927,1996-05-25,LGA,ORD,UA,N570UA,677,1700,1704,1822,1811,1715,1803,False
274928,1996-05-25,LGA,ROC,US,N259AU,2360,1700,1658,1813,1755,1707,1751,False
274929,1996-05-25,MIA,LGA,AA,N635AA,816,1705,1707,2000,2012,1737,2008,False
274930,1996-05-25,LGA,DFW,DL,N498DA,349,1710,1712,1941,1937,1728,1924,False
274931,1996-05-25,IAD,LGA,UA,N7281U,1410,1710,1713,1817,1801,1722,1759,False
274932,1996-05-25,DFW,LGA,AA,N498AA,742,1715,1716,2133,2123,1729,2118,False
274933,1996-05-25,LGA,CLT,US,N429US,1056,1722,1722,1917,1906,1733,1848,False
274934,1996-05-25,CLE,LGA,CO,N14336,286,1725,1738,1850,1851,1748,1845,False
274935,1996-05-25,LGA,STL,TW,N957U,375,1725,1737,1907,1941,1746,1851,False
274936,1996-05-25,SYR,LGA,US,N350US,1833,1726,1723,1825,1812,1732,1808,False
274937,1996-05-25,LGA,CVG,DL,N908DL,976,1730,1732,1937,1916,1740,1909,False
274938,1996-05-25,ATL,LGA,DL,N117DL,568,1730,1732,1945,1934,1746,1925,False
274939,1996-05-25,LGA,MIA,AA,N708AA,1129,1730,1847,2027,2134,1858,2126,False
274940,1996-05-25,ROC,LGA,US,N857US,647,1741,1741,1845,1837,1750,1832,False
274941,1996-05-25,LGA,DFW,AA,N294AA,1803,1745,1745,2041,2028,1755,1957,False
274942,1996-05-25,PIT,LGA,US,N962VJ,1993,1745,1744,1859,1844,1751,1840,False
274943,1996-05-25,LGA,TPA,US,N783AU,401,1745,1745,2036,2012,1752,2009,False
274944,1996-05-25,LGA,FLL,DL,N973DL,2051,1750,1903,2042,2139,1913,2136,False
274945,1996-05-25,LGA,PIT,US,N255AU,959,1759,1801,1927,1914,1810,1905,False
274946,1996-05-25,LGA,ATL,DL,N127DL,631,1800,1759,2029,1956,1807,1948,False
274947,1996-05-25,ORD,LGA,AA,N515AA,350,1800,1758,2100,2045,1809,2040,False
274948,1996-05-25,ORD,LGA,UA,N338UA,674,1800,1807,2059,2055,1818,2050,False
274949,1996-05-25,LGA,ORD,AA,N203AA,349,1800,1758,1931,1921,1813,1917,False
274950,1996-05-25,MIA,LGA,AA,N892AA,800,1805,1814,2100,2050,1828,2046,False
274951,1996-05-25,TPA,LGA,DL,N992DL,2128,1805,1802,2032,2030,1812,2022,False
274952,1996-05-25,LGA,DEN,UA,N349UA,311,1815,1812,2030,2007,1822,2001,False
274953,1996-05-25,BUF,LGA,US,N869US,866,1820,1820,1929,1917,1825,1913,False
274954,1996-05-25,MSP,LGA,NW,N539US,568,1820,1819,2200,2141,1835,2134,False
274955,1996-05-25,DFW,LGA,AA,N586AA,746,1825,1849,2235,2252,1859,2246,False
274956,1996-05-25,LGA,MIA,AA,N613AA,1723,1829,1828,2127,2110,1840,2105,False
274957,1996-05-25,LGA,BOS,DL,N417DA,1844,1830,1832,1934,1918,1843,1915,False
274958,1996-05-25,LGA,BWI,US,N812US,901,1830,1827,1934,1914,1835,1911,False
274959,1996-05-25,LGA,DCA,DL,N471DA,1765,1830,1833,1939,1925,1844,1924,False
274960,1996-05-25,BOS,LGA,DL,N481DA,1845,1830,1832,1929,1926,1845,1923,False
274961,1996-05-25,DCA,LGA,DL,N414DA,1764,1830,1831,1930,1920,1839,1914,False
274962,1996-05-25,DEN,LGA,UA,N564UA,218,1830,1838,2359,2353,1847,2350,False
274963,1996-05-25,STL,LGA,TW,N9304C,546,1835,1921,2202,2343,2034,2337,False
274964,1996-05-25,LGA,BNA,AA,N513AA,1529,1837,1831,2001,1939,1842,1923,False
274965,1996-05-25,ORF,LGA,US,N936VJ,1524,1840,1840,1954,1942,1846,1937,False
274966,1996-05-25,LGA,MCO,DL,N924DL,1959,1840,1839,2120,2102,1849,2054,False
274967,1996-05-25,CLT,LGA,US,N613AU,791,1845,1844,2030,2022,1857,2014,False
274968,1996-05-25,IAH,LGA,CO,N12349,1714,1845,1845,2306,2257,1858,2253,False
274969,1996-05-25,MIA,LGA,AA,N728AA,882,1845,1844,2131,2133,1904,2129,False
274970,1996-05-25,LGA,CMH,HP,N138AW,2931,1850,1953,2032,2135,2002,2132,False
274971,1996-05-25,CVG,LGA,DL,N542DA,850,1855,1857,2039,2038,1912,2030,False
274972,1996-05-25,PBI,LGA,DL,N674DL,530,1855,1855,2122,2131,1905,2123,False
274973,1996-05-25,LGA,CLT,US,N228US,320,1859,1856,2055,2030,1907,2025,False
274974,1996-05-25,BNA,LGA,AA,N2CPAA,1174,1859,1900,2200,2156,1908,2151,False
274975,1996-05-25,LGA,ATL,DL,N959DL,635,1900,1900,2122,2103,1904,2100,False
274976,1996-05-25,LGA,ORD,UA,N405UA,673,1900,1900,2023,2015,1909,2008,False
274977,1996-05-25,PBI,LGA,US,N430US,1554,1910,1909,2153,2148,1917,2145,False
274978,1996-05-25,LGA,MIA,UA,N320UA,993,1915,1916,2216,2208,1927,2202,False
274979,1996-05-25,DFW,LGA,DL,N941DL,784,1916,1913,2329,2325,1936,2321,False
274980,1996-05-25,LGA,ORF,US,N857US,647,1920,1926,2034,2022,1933,2019,False
274981,1996-05-25,LGA,PBI,US,N433US,733,1920,1919,2209,2152,1930,2148,False
274982,1996-05-25,LGA,PIT,US,N350US,956,1920,1919,2050,2032,1932,2027,False
274983,1996-05-25,FLL,LGA,US,N821US,2168,1925,1923,2217,2232,1953,2226,False
274984,1996-05-25,TPA,LGA,US,N802US,1874,1925,1923,2159,2152,1930,2147,False
274985,1996-05-25,LGA,DTW,NW,N541US,537,1930,9999,2127,9999,9999,9999,True
274986,1996-05-25,ATL,LGA,DL,N974DL,576,1930,1927,2139,2131,1946,2125,False
274987,1996-05-25,MIA,LGA,AA,N5CVAA,1542,1930,1931,2229,2228,1947,2223,False
274988,1996-05-25,LGA,MIA,AA,N878AA,803,1930,1929,2223,2211,1943,2206,False
274989,1996-05-25,LGA,FLL,US,N352US,1447,1945,1954,2244,2238,2003,2231,False
274990,1996-05-25,MCO,LGA,DL,N670DN,1676,1945,1943,2208,2205,1953,2157,False
274991,1996-05-25,LGA,FLL,DL,N118DL,447,1950,1950,2244,2224,2002,2221,False
274992,1996-05-25,LGA,ATL,DL,N904DE,637,2000,1958,2222,2200,2011,2154,False
274993,1996-05-25,ORD,LGA,UA,N422UA,1018,2000,2007,2254,2249,2015,2244,False
274994,1996-05-25,LGA,MIA,AA,N531AA,1577,2000,1955,2256,2238,2006,2230,False
274995,1996-05-25,LGA,GSO,US,N869US,866,2005,2001,2143,2132,2013,2128,False
274996,1996-05-25,PIT,LGA,US,N800US,588,2005,2005,2120,2105,2011,2059,False
274997,1996-05-25,BWI,LGA,US,N353US,915,2015,2013,2110,2055,2019,2052,False
274998,1996-05-25,DFW,LGA,AA,N401AA,754,2015,2014,24,14,2025,12,False
274999,1996-05-25,LGA,MCO,US,N818US,1401,2020,2018,2301,2237,2027,2233,False
275000,1996-05-25,LGA,BOS,DL,N481DA,1848,2030,2030,2125,2120,2042,2117,False
275001,1996-05-25,LGA,DCA,DL,N414DA,1769,2030,2032,2130,2125,2042,2122,False
275002,1996-05-25,ATL,LGA,DL,N908DE,578,2030,2030,2231,2228,2038,2219,False
275003,1996-05-25,BOS,LGA,DL,N417DA,1849,2030,2030,2130,2114,2038,2112,False
275004,1996-05-25,DCA,LGA,DL,N471DA,1768,2030,2032,2118,2121,2038,2120,False
275005,1996-05-25,ORD,LGA,AA,N5CSAA,340,2030,2109,2329,2400,2129,2355,False
275006,1996-05-25,MCO,LGA,US,N814US,1018,2035,2107,2313,2328,2117,2323,False
275007,1996-05-25,DTW,LGA,NW,N341NW,441,2050,2051,2232,2226,2110,2218,False
275008,1996-05-25,MIA,LGA,AA,N542AA,1986,2100,2058,2347,2344,2112,2342,False
275009,1996-05-25,IAD,LGA,UA,N547UA,66,2125,2210,2229,2303,2218,2257,False
275010,1996-05-25,ATL,LGA,DL,N138DL,580,2130,2138,2337,2345,2201,2339,False
275011,1996-05-25,PIT,LGA,US,N521AU,10,2135,2141,2249,2243,2148,2239,False
275012,1996-05-25,CLT,LGA,US,N385US,2335,2145,2148,2327,2320,2156,2315,False
275013,1996-05-25,CVG,LGA,DL,N928DL,1146,2225,2234,6,9,2246,3,False
