FlightDate,Origin,Dest,Reporting_Airline,Tail_Number,Flight_Number_Reporting_Airline,CRSDepTime,DepTime,CRSArrTime,ArrTime,WheelsOff,WheelsOn,CarrierDelay,WeatherDelay,NASDelay,SecurityDelay,LateAircraftDelay,Cancelled,CancellationCode,Diverted,DivReachedDest,DivAirportLandings
2013-05-28,LGA,IAH,UA,N416UA,241,545,542,827,800,554,750,0,0,0,0,0,False,Z,False,,0
2013-05-28,LGA,ATL,DL,N610DL,461,600,557,827,818,625,807,0,0,0,0,0,False,Z,False,,0
2013-05-28,LGA,DTW,DL,N338NB,731,600,556,756,751,615,740,0,0,0,0,0,False,Z,False,,0
2013-05-28,LGA,IAD,EV,N829AS,5747,600,556,712,658,610,652,0,0,0,0,0,False,Z,False,,0
2013-05-28,LGA,MEM,EV,N608QX,5592,600,553,755,750,631,744,0,0,0,0,0,False,Z,False,,0
2013-05-28,LGA,ATL,FL,N173AT,345,600,559,815,807,617,800,0,0,0,0,0,False,Z,False,,0
2013-05-28,LGA,BOS,US,N747UW,2114,600,553,700,642,605,637,0,0,0,0,0,False,Z,False,,0
2013-05-28,BOS,LGA,US,N965UW,2115,600,555,711,711,606,702,0,0,0,0,0,False,Z,False,,0
2013-05-28,DCA,LGA,US,N750UW,2158,600,554,707,708,613,658,0,0,0,0,0,False,Z,False,,0
2013-05-28,LGA,DCA,US,N716UW,2161,600,556,659,657,612,651,0,0,0,0,0,False,Z,False,,0
2013-05-28,LGA,PHL,US,N957UW,1289,600,600,655,647,613,645,0,0,0,0,0,False,Z,False,,0
2013-05-28,MKE,LGA,WN,N438WN,1631,600,558,915,857,609,848,0,0,0,0,0,False,Z,False,,0
2013-05-28,LGA,STL,WN,N8305E,3938,600,558,745,732,619,726,0,0,0,0,0,False,Z,False,,0
2013-05-28,MDW,LGA,WN,N207WN,1945,600,618,905,909,626,904,0,0,0,0,0,False,Z,False,,0
2013-05-28,ORD,LGA,AA,N584AA,398,600,558,910,846,607,842,0,0,0,0,0,False,Z,False,,0
2013-05-28,DFW,LGA,AA,N3CHAA,700,600,601,1025,1018,613,1013,0,0,0,0,0,False,Z,False,,0
2013-05-28,LGA,DFW,AA,N3FXAA,707,600,558,850,851,622,837,0,0,0,0,0,False,Z,False,,0
2013-05-28,FLL,LGA,B6,N585JB,370,600,602,853,843,615,837,0,0,0,0,0,False,Z,False,,0
2013-05-28,LGA,FLL,B6,N653JB,371,600,548,854,830,603,826,0,0,0,0,0,False,Z,False,,0
2013-05-28,MCO,LGA,B6,N665JB,392,600,554,841,813,603,808,0,0,0,0,0,False,Z,False,,0
2013-05-28,SYR,LGA,EV,N615QX,5216,600,559,717,652,610,646,0,0,0,0,0,False,Z,False,,0
2013-05-28,RDU,LGA,MQ,N738MQ,4529,600,600,729,721,611,716,0,0,0,0,0,False,Z,False,,0
2013-05-28,DTW,LGA,MQ,N721MQ,4570,600,555,745,731,609,724,0,0,0,0,0,False,Z,False,,0
2013-05-28,CRW,LGA,MQ,N722MQ,4488,600,552,740,727,603,718,0,0,0,0,0,False,Z,False,,0
2013-05-28,CMH,LGA,MQ,N528MQ,4638,600,554,735,717,604,713,0,0,0,0,0,False,Z,False,,0
2013-05-28,LGA,ATL,MQ,N501MQ,4650,600,745,810,1001,803,952,105,0,6,0,0,False,Z,False,,0
2013-05-28,BNA,LGA,MQ,N532MQ,4667,600,557,905,858,606,854,0,0,0,0,0,False,Z,False,,0
2013-05-28,LGA,ORD,UA,N428UA,457,600,554,725,708,606,706,0,0,0,0,0,False,Z,False,,0
2013-05-28,ORD,LGA,UA,N78511,1446,600,557,908,855,612,850,0,0,0,0,0,False,Z,False,,0
2013-05-28,PWM,LGA,DL,N377NW,2256,601,558,730,705,609,656,0,0,0,0,0,False,Z,False,,0
2013-05-28,LGA,MIA,AA,N3ATAA,1837,605,559,910,859,621,850,0,0,0,0,0,False,Z,False,,0
2013-05-28,LGA,DTW,MQ,N717MQ,4401,605,556,800,747,607,735,0,0,0,0,0,False,Z,False,,0
2013-05-28,MSP,LGA,MQ,N510MQ,4590,605,558,940,928,612,922,0,0,0,0,0,False,Z,False,,0
2013-05-28,CLT,LGA,MQ,N509MQ,4581,605,604,750,747,617,739,0,0,0,0,0,False,Z,False,,0
2013-05-28,XNA,LGA,MQ,N720MQ,4512,605,558,1010,959,613,955,0,0,0,0,0,False,Z,False,,0
2013-05-28,LGA,RDU,MQ,N725MQ,4518,605,556,735,729,624,726,0,0,0,0,0,False,Z,False,,0
2013-05-28,ATL,LGA,MQ,N3AEMQ,4652,605,600,815,813,612,756,0,0,0,0,0,False,Z,False,,0
2013-05-28,CAK,LGA,FL,N993AT,233,608,602,730,716,610,710,0,0,0,0,0,False,Z,False,,0
2013-05-28,LGA,MSP,DL,N909DL,1919,610,603,809,810,627,804,0,0,0,0,0,False,Z,False,,0
2013-05-28,LGA,ORD,AA,N4YMAA,301,610,608,745,743,633,729,0,0,0,0,0,False,Z,False,,0
2013-05-28,MIA,LGA,AA,N3KJAA,1114,610,606,905,849,617,845,0,0,0,0,0,False,Z,False,,0
2013-05-28,MSY,LGA,DL,N360NW,558,614,607,1015,1002,618,952,0,0,0,0,0,False,Z,False,,0
2013-05-28,CLT,LGA,US,N748UW,1626,615,614,801,826,658,819,0,0,25,0,0,False,Z,False,,0
2013-05-28,MCI,LGA,EV,N751EV,5012,620,619,1014,1000,631,953,0,0,0,0,0,False,Z,False,,0
2013-05-28,RIC,LGA,EV,N744EV,4939,625,624,755,728,635,721,0,0,0,0,0,False,Z,False,,0
2013-05-28,GSO,LGA,EV,N612QX,5139,625,621,815,750,629,741,0,0,0,0,0,False,Z,False,,0
2013-05-28,LGA,MDW,WN,N8314L,3493,625,623,745,758,646,752,0,0,0,0,0,False,Z,False,,0
2013-05-28,PIT,LGA,DL,N335NB,982,630,624,810,744,635,734,0,0,0,0,0,False,Z,False,,0
2013-05-28,LGA,CLT,US,N187US,1433,630,627,835,836,704,825,0,0,0,0,0,False,Z,False,,0
2013-05-28,LGA,ORD,AA,N570AA,303,630,622,805,803,652,756,0,0,0,0,0,False,Z,False,,0
2013-05-28,LGA,MCO,B6,N708JB,389,630,642,906,915,707,911,0,0,0,0,0,False,Z,False,,0
2013-05-28,LGA,CLT,MQ,N534MQ,4576,630,620,830,756,629,751,0,0,0,0,0,False,Z,False,,0
2013-05-28,LGA,MSP,MQ,N515MQ,4599,630,622,820,825,636,821,0,0,0,0,0,False,Z,False,,0
2013-05-28,LGA,IAH,UA,N432UA,753,632,626,920,853,642,849,0,0,0,0,0,False,Z,False,,0
2013-05-28,ATL,LGA,DL,N679DA,1486,640,651,856,901,706,852,0,0,0,0,0,False,Z,False,,0
2013-05-28,BOS,LGA,US,N961UW,2145,645,635,756,751,659,743,0,0,0,0,0,False,Z,False,,0
2013-05-28,ORD,LGA,AA,N4WMAA,394,645,641,950,932,652,927,0,0,0,0,0,False,Z,False,,0
2013-05-28,LGA,DFW,AA,N3CCAA,711,650,648,945,922,706,914,0,0,0,0,0,False,Z,False,,0
2013-05-28,LGA,MKE,WN,N720WN,404,655,653,820,828,715,823,0,0,0,0,0,False,Z,False,,0
2013-05-28,DFW,LGA,AA,N3KDAA,704,655,652,1125,1121,709,1117,0,0,0,0,0,False,Z,False,,0
2013-05-28,RDU,LGA,MQ,N8EGMQ,4598,655,701,825,816,711,813,0,0,0,0,0,False,Z,False,,0
2013-05-28,LGA,DEN,UA,N584UA,295,655,649,920,901,708,852,0,0,0,0,0,False,Z,False,,0
2013-05-28,LGA,ATL,DL,N680DA,1547,700,654,928,930,730,914,0,0,0,0,0,False,Z,False,,0
2013-05-28,LGA,MIA,DL,N969DL,2003,700,654,1007,1007,710,1001,0,0,0,0,0,False,Z,False,,0
2013-05-28,TPA,LGA,DL,N917DE,2135,700,658,942,944,713,926,0,0,0,0,0,False,Z,False,,0
2013-05-28,MIA,LGA,DL,N900DE,2151,700,656,1003,944,710,934,0,0,0,0,0,False,Z,False,,0
2013-05-28,MCO,LGA,DL,N384DA,2276,700,702,939,939,713,923,0,0,0,0,0,False,Z,False,,0
2013-05-28,LGA,MCO,DL,N332NW,2285,700,653,950,946,726,936,0,0,0,0,0,False,Z,False,,0
2013-05-28,BHM,LGA,EV,N740EV,5039,700,700,1034,1026,712,1010,0,0,0,0,0,False,Z,False,,0
2013-05-28,DEN,LGA,F9,N216FR,506,700,656,1242,1235,704,1225,0,0,0,0,0,False,Z,False,,0
2013-05-28,LGA,BOS,US,N963UW,2116,700,653,806,759,716,750,0,0,0,0,0,False,Z,False,,0
2013-05-28,BOS,LGA,US,N956UW,2117,700,652,817,801,709,753,0,0,0,0,0,False,Z,False,,0
2013-05-28,DCA,LGA,US,,2160,700,9999,816,9999,9999,9999,9999,9999,9999,9999,9999,True,A,False,,0
2013-05-28,LGA,DCA,US,N730US,2163,700,707,807,810,728,806,0,0,0,0,0,False,Z,False,,0
2013-05-28,TYS,LGA,9E,N8933B,4121,700,649,913,846,706,840,0,0,0,0,0,False,Z,False,,0
2013-05-28,DAY,LGA,9E,N8794B,4055,700,659,855,1239,725,1230,9999,9999,9999,9999,9999,False,Z,True,True,1
2013-05-28,LGA,MIA,AA,N3AVAA,2279,700,656,1010,1147,714,1128,9999,9999,9999,9999,9999,False,Z,True,True,1
2013-05-28,LGA,XNA,MQ,N711MQ,4534,700,652,920,854,712,851,0,0,0,0,0,False,Z,False,,0
2013-05-28,LGA,ORD,UA,N33209,1744,700,658,830,815,719,811,0,0,0,0,0,False,Z,False,,0
2013-05-28,MSP,LGA,DL,N338NW,1996,703,702,1050,1040,719,1031,0,0,0,0,0,False,Z,False,,0
2013-05-28,FLL,LGA,DL,N919DE,1498,705,701,1004,945,716,937,0,0,0,0,0,False,Z,False,,0
2013-05-28,LGA,FLL,DL,N354NW,1879,705,703,1011,1000,724,957,0,0,0,0,0,False,Z,False,,0
2013-05-28,ATL,LGA,FL,N891AT,35,710,707,920,912,717,903,0,0,0,0,0,False,Z,False,,0
2013-05-28,IAH,LGA,UA,N495UA,980,710,706,1155,1135,717,1128,0,0,0,0,0,False,Z,False,,0
2013-05-28,LGA,DTW,DL,N364NB,831,715,714,912,907,733,856,0,0,0,0,0,False,Z,False,,0
2013-05-28,FLL,LGA,B6,N571JB,374,715,710,1011,955,721,948,0,0,0,0,0,False,Z,False,,0
2013-05-28,LGA,IAH,UA,,565,722,9999,1008,9999,9999,9999,9999,9999,9999,9999,9999,True,A,False,,0
2013-05-28,DTW,LGA,DL,N339NW,1848,725,722,918,906,742,857,0,0,0,0,0,False,Z,False,,0
2013-05-28,LGA,ORD,AA,N4YTAA,305,725,721,905,916,810,907,0,0,0,0,0,False,Z,False,,0
2013-05-28,LGA,PBI,B6,N807JB,361,729,720,1020,955,737,953,0,0,0,0,0,False,Z,False,,0
2013-05-28,BNA,LGA,WN,N939WN,3243,730,725,1045,1032,733,1022,0,0,0,0,0,False,Z,False,,0
2013-05-28,ORD,LGA,AA,N4YRAA,392,730,738,1045,1032,751,1029,0,0,0,0,0,False,Z,False,,0
2013-05-28,LGA,DEN,WN,N491WN,2870,735,755,1005,1000,800,955,0,0,0,0,0,False,Z,False,,0
2013-05-28,MDW,LGA,WN,N917WN,3963,735,738,1040,1031,747,1027,0,0,0,0,0,False,Z,False,,0
2013-05-28,DFW,LGA,AA,N3DSAA,708,735,730,1205,1150,745,1146,0,0,0,0,0,False,Z,False,,0
2013-05-28,CLE,LGA,EV,N16961,4608,738,735,915,918,758,911,0,0,0,0,0,False,Z,False,,0
2013-05-28,ATL,LGA,DL,N676DL,1586,740,739,1002,947,750,932,0,0,0,0,0,False,Z,False,,0
2013-05-28,LGA,DFW,AA,N578AA,715,740,734,1040,1015,750,1000,0,0,0,0,0,False,Z,False,,0
2013-05-28,BNA,LGA,MQ,N852MQ,4476,745,745,1055,1052,755,1048,0,0,0,0,0,False,Z,False,,0
2013-05-28,CLE,LGA,MQ,N524MQ,4614,745,737,915,906,752,900,0,0,0,0,0,False,Z,False,,0
2013-05-28,LGA,TPA,B6,N729JB,983,750,749,1035,1027,804,1025,0,0,0,0,0,False,Z,False,,0
2013-05-28,LGA,CLT,US,N150UW,1231,755,752,950,937,809,928,0,0,0,0,0,False,Z,False,,0
2013-05-28,MIA,LGA,AA,N3DDAA,1256,755,807,1055,1101,824,1056,0,0,0,0,0,False,Z,False,,0
2013-05-28,LGA,ATL,DL,N671DN,2047,759,758,1028,1015,819,1002,0,0,0,0,0,False,Z,False,,0
2013-05-28,LGA,MCI,EV,N615QX,4991,759,756,1020,950,812,945,0,0,0,0,0,False,Z,False,,0
2013-05-28,LGA,MIA,AA,N3CYAA,2267,759,800,1109,1100,826,1054,0,0,0,0,0,False,Z,False,,0
2013-05-28,LGA,MSY,DL,N363NB,715,800,754,1017,941,807,936,0,0,0,0,0,False,Z,False,,0
2013-05-28,BGR,LGA,EV,N600QX,5559,800,757,940,924,806,910,0,0,0,0,0,False,Z,False,,0
2013-05-28,LGA,BOS,US,N965UW,2118,800,800,904,902,816,853,0,0,0,0,0,False,Z,False,,0
2013-05-28,BOS,LGA,US,N758US,2119,800,752,913,914,823,906,0,0,0,0,0,False,Z,False,,0
2013-05-28,DCA,LGA,US,N716UW,2162,800,757,913,915,821,909,0,0,0,0,0,False,Z,False,,0
2013-05-28,LGA,DCA,US,N750UW,2165,800,812,913,932,834,924,12,0,7,0,0,False,Z,False,,0
2013-05-28,CLT,LGA,US,N190UW,1620,800,757,947,947,819,939,0,0,0,0,0,False,Z,False,,0
2013-05-28,LGA,DEN,UA,N592UA,696,800,800,1025,1014,816,957,0,0,0,0,0,False,Z,False,,0
2013-05-28,MCO,LGA,DL,N999DN,1526,805,803,1043,1036,814,1024,0,0,0,0,0,False,Z,False,,0
2013-05-28,LGA,TPA,DL,N938DL,1109,805,801,1102,1053,829,1049,0,0,0,0,0,False,Z,False,,0
2013-05-28,LGA,PBI,DL,N368NW,2395,805,759,1103,1052,822,1049,0,0,0,0,0,False,Z,False,,0
2013-05-28,RDU,LGA,MQ,N725MQ,4526,805,755,945,920,806,917,0,0,0,0,0,False,Z,False,,0
2013-05-28,ORD,LGA,UA,N855UA,672,805,805,1114,1105,819,1102,0,0,0,0,0,False,Z,False,,0
2013-05-28,LGA,DEN,DL,N357NW,914,815,813,1047,1033,836,1028,0,0,0,0,0,False,Z,False,,0
2013-05-28,LGA,MSP,DL,N310NW,2119,815,833,1018,1041,859,1034,18,0,5,0,0,False,Z,False,,0
2013-05-28,PBI,LGA,DL,N918DL,2358,815,816,1111,1058,830,1046,0,0,0,0,0,False,Z,False,,0
2013-05-28,LGA,ATL,FL,N993AT,346,815,822,1038,1045,851,1036,0,0,0,0,0,False,Z,False,,0
2013-05-28,IAD,LGA,EV,N909EV,5736,820,9999,938,9999,9999,9999,9999,9999,9999,9999,9999,True,C,False,,0
2013-05-28,LGA,RDU,MQ,N721MQ,4521,820,811,1000,947,838,944,0,0,0,0,0,False,Z,False,,0
2013-05-28,LGA,BNA,MQ,N528MQ,4655,820,807,940,914,827,910,0,0,0,0,0,False,Z,False,,0
2013-05-28,MEM,LGA,DL,N349NB,1260,825,822,1210,1152,833,1141,0,0,0,0,0,False,Z,False,,0
2013-05-28,DFW,LGA,AA,N3GDAA,710,825,827,1255,1252,840,1247,0,0,0,0,0,False,Z,False,,0
2013-05-28,LGA,DTW,MQ,N735MQ,4478,829,820,1034,1015,843,1009,0,0,0,0,0,False,Z,False,,0
2013-05-28,LGA,CMH,MQ,N3AEMQ,4607,829,846,1024,1025,911,1022,0,0,0,0,0,False,Z,False,,0
2013-05-28,ORD,LGA,AA,N4YMAA,388,830,830,1145,1127,849,1123,0,0,0,0,0,False,Z,False,,0
2013-05-28,LGA,ORD,AA,N514AA,309,830,833,1015,1007,900,959,0,0,0,0,0,False,Z,False,,0
2013-05-28,DTW,LGA,MQ,N717MQ,4563,830,824,1015,1001,835,950,0,0,0,0,0,False,Z,False,,0
2013-05-28,LGA,DFW,AA,N3CFAA,717,835,828,1135,1106,855,1102,0,0,0,0,0,False,Z,False,,0
2013-05-28,STL,LGA,AA,N466AA,2028,835,824,1159,1149,841,1138,0,0,0,0,0,False,Z,False,,0
2013-05-28,LGA,CLE,MQ,N722MQ,4558,835,831,1020,1020,906,1016,0,0,0,0,0,False,Z,False,,0
2013-05-28,DEN,LGA,UA,N540UA,358,839,834,1420,1440,845,1426,0,0,20,0,0,False,Z,False,,0
2013-05-28,ATL,LGA,DL,N662DN,1686,840,837,1105,1040,849,1033,0,0,0,0,0,False,Z,False,,0
2013-05-28,DTW,LGA,DL,N924DL,1748,840,848,1035,1048,923,1040,0,0,0,0,0,False,Z,False,,0
2013-05-28,LGA,CLT,US,N748UW,1429,845,909,1044,1059,934,1056,5,0,0,0,10,False,Z,False,,0
2013-05-28,STL,LGA,WN,N244WN,2076,845,945,1210,1314,951,1254,25,0,4,0,35,False,Z,False,,0
2013-05-28,CLE,LGA,UA,N498UA,211,845,845,1030,1011,858,1005,0,0,0,0,0,False,Z,False,,0
2013-05-28,LGA,IAH,UA,N27724,1025,847,847,1135,1128,912,1117,0,0,0,0,0,False,Z,False,,0
2013-05-28,ATL,LGA,FL,N964AT,38,850,851,1111,1059,905,1052,0,0,0,0,0,False,Z,False,,0
2013-05-28,ATL,LGA,MQ,N501MQ,4651,850,9999,1115,9999,9999,9999,9999,9999,9999,9999,9999,True,A,False,,0
2013-05-28,MSP,LGA,MQ,N515MQ,4586,855,905,1230,1243,921,1239,0,0,0,0,0,False,Z,False,,0
2013-05-28,LGA,ATL,MQ,N525MQ,4619,855,853,1120,1115,919,1108,0,0,0,0,0,False,Z,False,,0
2013-05-28,LGA,ATL,DL,N669DN,1747,859,855,1138,1135,930,1114,0,0,0,0,0,False,Z,False,,0
2013-05-28,LGA,DTW,DL,N370NW,181,900,856,1115,1136,940,1130,0,0,21,0,0,False,Z,False,,0
2013-05-28,LGA,MCO,DL,N377NW,1885,900,854,1201,1134,921,1129,0,0,0,0,0,False,Z,False,,0
2013-05-28,LGA,MIA,DL,N335NB,923,900,900,1219,1216,928,1203,0,0,0,0,0,False,Z,False,,0
2013-05-28,LGA,CHS,EV,N612QX,4940,900,856,1120,1105,933,1101,0,0,0,0,0,False,Z,False,,0
2013-05-28,LGA,BTV,EV,N600QX,5025,900,959,1042,1133,1040,1127,51,0,0,0,0,False,Z,False,,0
2013-05-28,LGA,BOS,US,N961UW,2120,900,851,1016,1002,920,953,0,0,0,0,0,False,Z,False,,0
2013-05-28,BOS,LGA,US,N963UW,2121,900,851,1014,1005,920,1001,0,0,0,0,0,False,Z,False,,0
2013-05-28,DCA,LGA,US,N730US,2164,900,905,1016,1022,934,1015,0,0,0,0,0,False,Z,False,,0
2013-05-28,LGA,DCA,US,,2167,900,9999,1022,9999,9999,9999,9999,9999,9999,9999,9999,True,A,False,,0
2013-05-28,MKE,LGA,WN,N245WN,2497,900,901,1210,1206,916,1159,0,0,0,0,0,False,Z,False,,0
2013-05-28,LGA,ORD,UA,N585UA,544,900,858,1037,1022,925,1017,0,0,0,0,0,False,Z,False,,0
2013-05-28,ORD,LGA,UA,N424UA,674,900,858,1209,1158,916,1154,0,0,0,0,0,False,Z,False,,0
2013-05-28,CLT,LGA,MQ,N534MQ,4578,910,937,1059,1110,950,1106,0,0,0,0,0,False,Z,False,,0
2013-05-28,LGA,CLT,MQ,N8EGMQ,4582,910,900,1110,1048,927,1045,0,0,0,0,0,False,Z,False,,0
2013-05-28,LGA,FLL,DL,N331NW,2379,915,912,1234,1220,946,1219,0,0,0,0,0,False,Z,False,,0
2013-05-28,LGA,ORD,AA,N4YHAA,313,915,908,1105,1040,935,1033,0,0,0,0,0,False,Z,False,,0
2013-05-28,IAH,LGA,UA,N416UA,638,917,912,1355,1333,925,1327,0,0,0,0,0,False,Z,False,,0
2013-05-28,LGA,DFW,AA,N594AA,1097,925,927,1235,1155,945,1151,0,0,0,0,0,False,Z,False,,0
2013-05-28,LGA,STL,AA,N482AA,1855,925,919,1110,1052,944,1048,0,0,0,0,0,False,Z,False,,0
2013-05-28,ORD,LGA,AA,N201AA,384,930,1009,1245,1308,1022,1303,23,0,0,0,0,False,Z,False,,0
2013-05-28,CMH,LGA,MQ,N713MQ,4535,930,925,1120,1106,937,1054,0,0,0,0,0,False,Z,False,,0
2013-05-28,LGA,MDW,WN,N207WN,3676,935,949,1055,1104,1007,1100,0,0,0,0,0,False,Z,False,,0
2013-05-28,LGA,SDF,9E,N8794B,4065,938,1304,1204,1528,1334,1521,0,0,0,0,204,False,Z,False,,0
2013-05-28,ATL,LGA,DL,N913DE,1786,940,1006,1207,1218,1027,1212,0,0,0,0,0,False,Z,False,,0
2013-05-28,LGA,CLE,EV,N16961,4608,940,940,1128,1131,1014,1124,0,0,0,0,0,False,Z,False,,0
2013-05-28,DFW,LGA,AA,N3FXAA,712,940,944,1410,1413,955,1409,0,0,0,0,0,False,Z,False,,0
2013-05-28,FLL,LGA,B6,N653JB,372,940,936,1236,1227,956,1222,0,0,0,0,0,False,Z,False,,0
2013-05-28,LGA,MKE,WN,N438WN,1720,945,945,1120,1109,1006,1105,0,0,0,0,0,False,Z,False,,0
2013-05-28,LGA,MCO,B6,N665JB,393,945,933,1240,1221,956,1203,0,0,0,0,0,False,Z,False,,0
2013-05-28,XNA,LGA,MQ,N711MQ,4562,950,942,1355,1335,951,1330,0,0,0,0,0,False,Z,False,,0
2013-05-28,MCO,LGA,B6,N646JB,390,952,955,1230,1223,1007,1216,0,0,0,0,0,False,Z,False,,0
2013-05-28,LGA,DAY,9E,N8933B,4060,955,942,1210,1125,959,1122,0,0,0,0,0,False,Z,False,,0
2013-05-28,LGA,ORD,AA,N584AA,319,955,951,1140,1111,1010,1105,0,0,0,0,0,False,Z,False,,0
2013-05-28,LGA,MIA,AA,N3KJAA,1871,955,949,1310,1247,1012,1240,0,0,0,0,0,False,Z,False,,0
2013-05-28,LGA,BNA,MQ,N524MQ,4670,955,1007,1110,1123,1031,1118,0,0,0,0,0,False,Z,False,,0
2013-05-28,LGA,FLL,B6,N585JB,375,958,955,1309,1251,1025,1247,0,0,0,0,0,False,Z,False,,0
2013-05-28,LGA,CLT,US,N758US,1277,959,953,1201,1154,1019,1141,0,0,0,0,0,False,Z,False,,0
2013-05-28,LGA,ATL,DL,N679DA,1847,1000,951,1231,1231,1035,1219,0,0,0,0,0,False,Z,False,,0
2013-05-28,MSP,LGA,DL,N313US,2096,1000,959,1344,1333,1015,1326,0,0,0,0,0,False,Z,False,,0
2013-05-28,LGA,BOS,US,N956UW,2122,1000,953,1113,1055,1017,1050,0,0,0,0,0,False,Z,False,,0
2013-05-28,BOS,LGA,US,N965UW,2123,1000,956,1116,1104,1015,1059,0,0,0,0,0,False,Z,False,,0
2013-05-28,DCA,LGA,US,N750UW,2166,1000,1001,1118,1120,1028,1110,0,0,0,0,0,False,Z,False,,0
2013-05-28,LGA,DCA,US,N716UW,2169,1000,952,1119,1104,1016,1100,0,0,0,0,0,False,Z,False,,0
2013-05-28,CLT,LGA,US,N543UW,1910,1000,958,1151,1146,1017,1136,0,0,0,0,0,False,Z,False,,0
2013-05-28,MIA,LGA,AA,N3ATAA,1132,1000,955,1259,1246,1015,1242,0,0,0,0,0,False,Z,False,,0
2013-05-28,LGA,ATL,MQ,N504MQ,4654,1000,957,1220,1220,1023,1212,0,0,0,0,0,False,Z,False,,0
2013-05-28,LGA,ORD,UA,N12225,1250,1000,1001,1137,1134,1026,1130,0,0,0,0,0,False,Z,False,,0
2013-05-28,LGA,CAK,FL,N891AT,353,1003,1005,1134,1139,1029,1133,0,0,0,0,0,False,Z,False,,0
2013-05-28,LGA,MSP,DL,N339NW,2319,1004,1004,1215,1203,1030,1200,0,0,0,0,0,False,Z,False,,0
2013-05-28,DTW,LGA,DL,N914DL,2048,1005,1001,1153,1141,1023,1135,0,0,0,0,0,False,Z,False,,0
2013-05-28,LGA,IAD,EV,N909EV,5736,1005,9999,1131,9999,9999,9999,9999,9999,9999,9999,9999,True,A,False,,0
2013-05-28,ORD,LGA,AA,N4XKAA,380,1005,1007,1320,1307,1019,1301,0,0,0,0,0,False,Z,False,,0
2013-05-28,MDW,LGA,WN,N416WN,939,1010,1009,1315,1315,1018,1258,0,0,0,0,0,False,Z,False,,0
2013-05-28,ATL,LGA,FL,N997AT,667,1015,1013,1235,1224,1033,1219,0,0,0,0,0,False,Z,False,,0
2013-05-28,LGA,DFW,AA,N3JVAA,731,1015,1008,1310,1244,1034,1237,0,0,0,0,0,False,Z,False,,0
2013-05-28,BNA,LGA,MQ,N528MQ,4656,1015,1009,1325,1312,1019,1305,0,0,0,0,0,False,Z,False,,0
2013-05-28,DEN,LGA,UA,N528UA,310,1020,1020,1602,1622,1039,1611,0,0,20,0,0,False,Z,False,,0
2013-05-28,IAH,LGA,UA,N37252,1573,1026,1027,1459,1453,1040,1448,0,0,0,0,0,False,Z,False,,0
2013-05-28,LGA,ORD,AA,N4WMAA,321,1030,1024,1210,1158,1047,1145,0,0,0,0,0,False,Z,False,,0
2013-05-28,RDU,LGA,MQ,N721MQ,4402,1030,1025,1205,1150,1037,1143,0,0,0,0,0,False,Z,False,,0
2013-05-28,LGA,IAH,UA,N78511,1715,1030,1025,1325,1304,1046,1252,0,0,0,0,0,False,Z,False,,0
2013-05-28,MCO,LGA,DL,N332NW,1784,1035,1028,1311,1308,1046,1256,0,0,0,0,0,False,Z,False,,0
2013-05-28,DFW,LGA,AA,N3CCAA,720,1035,1033,1505,1507,1045,1502,0,0,0,0,0,False,Z,False,,0
2013-05-28,ATL,LGA,DL,N675DL,1886,1040,1039,1306,1250,1052,1237,0,0,0,0,0,False,Z,False,,0
2013-05-28,DEN,LGA,F9,N211FR,510,1045,1043,1630,1700,1058,1650,0,0,30,0,0,False,Z,False,,0
2013-05-28,MIA,LGA,DL,N969DL,2003,1050,1044,1354,1344,1106,1337,0,0,0,0,0,False,Z,False,,0
2013-05-28,DEN,LGA,DL,N341NW,928,1050,1048,1642,1624,1100,1614,0,0,0,0,0,False,Z,False,,0
2013-05-28,CLE,LGA,MQ,N722MQ,4510,1050,1048,1220,1224,1059,1208,0,0,0,0,0,False,Z,False,,0
2013-05-28,LGA,SRQ,DL,N900DE,1903,1051,1049,1405,1339,1108,1334,0,0,0,0,0,False,Z,False,,0
2013-05-28,FLL,LGA,DL,N354NW,1698,1052,1048,1352,1344,1103,1334,0,0,0,0,0,False,Z,False,,0
2013-05-28,LGA,FLL,B6,N571JB,1471,1052,1044,1406,1330,1057,1322,0,0,0,0,0,False,Z,False,,0
2013-05-28,LGA,ATL,DL,N676DL,1647,1059,1055,1329,1320,1123,1311,0,0,0,0,0,False,Z,False,,0
2013-05-28,MSY,LGA,DL,N363NB,2006,1100,1055,1457,1446,1107,1440,0,0,0,0,0,False,Z,False,,0
2013-05-28,LGA,DTW,DL,N360NW,1031,1100,1058,1307,1253,1112,1246,0,0,0,0,0,False,Z,False,,0
2013-05-28,MCI,LGA,EV,N615QX,4991,1100,1053,1452,1429,1104,1424,0,0,0,0,0,False,Z,False,,0
2013-05-28,LGA,MEM,EV,N751EV,5596,1100,1100,1303,1236,1125,1232,0,0,0,0,0,False,Z,False,,0
2013-05-28,LGA,BOS,US,N963UW,2124,1100,1050,1211,1141,1102,1135,0,0,0,0,0,False,Z,False,,0
2013-05-28,BOS,LGA,US,N961UW,2125,1100,1051,1211,1156,1104,1145,0,0,0,0,0,False,Z,False,,0
2013-05-28,DCA,LGA,US,N701UW,2168,1100,1125,1211,1240,1148,1235,20,0,4,0,5,False,Z,False,,0
2013-05-28,LGA,DCA,US,N730US,2171,1100,1054,1213,1156,1110,1152,0,0,0,0,0,False,Z,False,,0
2013-05-28,MIA,LGA,AA,N3AVAA,1840,1100,1239,1359,1527,1256,1523,2,0,0,0,86,False,Z,False,,0
2013-05-28,LGA,RDU,MQ,N717MQ,4471,1100,1048,1245,1222,1109,1215,0,0,0,0,0,False,Z,False,,0
2013-05-28,CMH,LGA,MQ,N3AEMQ,4608,1100,1055,1240,1230,1106,1227,0,0,0,0,0,False,Z,False,,0
2013-05-28,ORD,LGA,UA,N452UA,333,1100,1059,1409,1400,1114,1354,0,0,0,0,0,False,Z,False,,0
2013-05-28,LGA,FLL,DL,N919DE,930,1105,1100,1418,1402,1130,1357,0,0,0,0,0,False,Z,False,,0
2013-05-28,ORD,LGA,AA,N4YTAA,378,1105,1108,1420,1406,1118,1401,0,0,0,0,0,False,Z,False,,0
2013-05-28,DTW,LGA,MQ,N735MQ,4477,1105,1053,1255,1247,1123,1241,0,0,0,0,0,False,Z,False,,0
2013-05-28,LGA,PIT,EV,N738EV,5273,1110,9999,1251,9999,9999,9999,9999,9999,9999,9999,9999,True,A,False,,0
2013-05-28,LGA,MDW,WN,N917WN,137,1110,1109,1235,1224,1126,1221,0,0,0,0,0,False,Z,False,,0
2013-05-28,MSP,LGA,DL,N971DL,1796,1115,1106,1459,1437,1116,1428,0,0,0,0,0,False,Z,False,,0
2013-05-28,LGA,BNA,WN,N939WN,3421,1115,1122,1250,1233,1137,1226,0,0,0,0,0,False,Z,False,,0
2013-05-28,LGA,DFW,AA,N3CHAA,739,1115,1109,1410,1339,1129,1335,0,0,0,0,0,False,Z,False,,0
2013-05-28,LGA,CMH,MQ,N720MQ,4485,1115,1104,1305,1238,1120,1233,0,0,0,0,0,False,Z,False,,0
2013-05-28,LGA,DEN,UA,N498UA,405,1115,1110,1341,1319,1133,1315,0,0,0,0,0,False,Z,False,,0
2013-05-28,BTV,LGA,EV,N600QX,5025,1117,1159,1240,1321,1228,1314,0,0,0,0,41,False,Z,False,,0
2013-05-28,TPA,LGA,B6,N729JB,984,1120,1113,1408,1349,1123,1345,0,0,0,0,0,False,Z,False,,0
2013-05-28,DEN,LGA,WN,N442WN,3962,1125,1124,1715,1707,1134,1658,0,0,0,0,0,False,Z,False,,0
2013-05-28,LGA,ORD,AA,N4YRAA,327,1125,1124,1305,1254,1149,1246,0,0,0,0,0,False,Z,False,,0
2013-05-28,DFW,LGA,AA,N494AA,728,1125,1124,1600,1556,1134,1552,0,0,0,0,0,False,Z,False,,0
2013-05-28,LGA,TPA,DL,N999DN,1875,1130,1122,1431,1416,1152,1412,0,0,0,0,0,False,Z,False,,0
2013-05-28,LGA,MCI,EV,N740EV,4990,1130,1122,1350,1326,1146,1317,0,0,0,0,0,False,Z,False,,0
2013-05-28,LGA,CLT,US,N190UW,1085,1130,1123,1327,1312,1144,1301,0,0,0,0,0,False,Z,False,,0
2013-05-28,LGA,MIA,DL,N924DL,2044,1131,1131,1445,1430,1159,1424,0,0,0,0,0,False,Z,False,,0
2013-05-28,LGA,MSP,DL,N338NW,2219,1135,1131,1340,1345,1200,1336,0,0,0,0,0,False,Z,False,,0
2013-05-28,LGA,BNA,MQ,N510MQ,4661,1135,1135,1255,1253,1157,1242,0,0,0,0,0,False,Z,False,,0
2013-05-28,IAH,LGA,UA,N79279,1259,1135,1137,1616,1609,1150,1601,0,0,0,0,0,False,Z,False,,0
2013-05-28,ATL,LGA,FL,N910AT,724,1137,1141,1349,1342,1151,1335,0,0,0,0,0,False,Z,False,,0
2013-05-28,ATL,LGA,DL,N665DN,1986,1140,1140,1400,1348,1156,1342,0,0,0,0,0,False,Z,False,,0
2013-05-28,LGA,MIA,AA,N3DDAA,2099,1140,1153,1455,1449,1214,1441,0,0,0,0,0,False,Z,False,,0
2013-05-28,CLT,LGA,US,N167US,1129,1141,1139,1332,1354,1221,1346,0,0,22,0,0,False,Z,False,,0
2013-05-28,TPA,LGA,DL,N938DL,1173,1145,1140,1429,1429,1152,1411,0,0,0,0,0,False,Z,False,,0
2013-05-28,LGA,MSP,MQ,N534MQ,4646,1145,1144,1340,1354,1209,1352,0,0,0,0,0,False,Z,False,,0
2013-05-28,BNA,LGA,MQ,N524MQ,4653,1145,1218,1450,1520,1226,1516,18,0,0,0,12,False,Z,False,,0
2013-05-28,PBI,LGA,DL,N368NW,2395,1146,1143,1439,1436,1154,1421,0,0,0,0,0,False,Z,False,,0
2013-05-28,STL,LGA,AA,N482AA,1030,1150,1156,1515,1515,1208,1508,0,0,0,0,0,False,Z,False,,0
2013-05-28,CLT,LGA,MQ,N8EGMQ,4583,1150,1150,1350,1353,1227,1350,0,0,0,0,0,False,Z,False,,0
2013-05-28,LGA,ATL,FL,N964AT,347,1151,1144,1414,1401,1205,1352,0,0,0,0,0,False,Z,False,,0
2013-05-28,LGA,PBI,DL,N918DL,1174,1159,1158,1459,1507,1241,1501,0,0,0,0,0,False,Z,False,,0
2013-05-28,LGA,ATL,DL,N662DN,1947,1200,1157,1434,1423,1227,1413,0,0,0,0,0,False,Z,False,,0
2013-05-28,LGA,BOS,US,N965UW,2126,1200,1158,1309,1303,1225,1258,0,0,0,0,0,False,Z,False,,0
2013-05-28,BOS,LGA,US,N956UW,2127,1200,1152,1310,1313,1220,1305,0,0,0,0,0,False,Z,False,,0
2013-05-28,DCA,LGA,US,N716UW,2170,1200,1155,1311,1259,1209,1253,0,0,0,0,0,False,Z,False,,0
2013-05-28,LGA,DCA,US,N750UW,2173,1200,1159,1314,1320,1230,1314,0,0,0,0,0,False,Z,False,,0
2013-05-28,LGA,CLE,MQ,N713MQ,4553,1200,1151,1345,1328,1215,1321,0,0,0,0,0,False,Z,False,,0
2013-05-28,ATL,LGA,MQ,N525MQ,4620,1200,1157,1420,1406,1211,1400,0,0,0,0,0,False,Z,False,,0
2013-05-28,LGA,ORD,UA,N855UA,255,1200,1156,1338,1321,1220,1309,0,0,0,0,0,False,Z,False,,0
2013-05-28,CHS,LGA,EV,N612QX,4940,1205,1211,1410,1402,1223,1356,0,0,0,0,0,False,Z,False,,0
2013-05-28,LGA,ATL,MQ,N3AEMQ,4658,1205,1300,1425,1500,1311,1454,0,0,0,0,35,False,Z,False,,0
2013-05-28,DTW,LGA,DL,N325NB,1948,1207,1204,1353,1340,1216,1331,0,0,0,0,0,False,Z,False,,0
2013-05-28,CAK,LGA,FL,N891AT,739,1210,1214,1332,1405,1222,1323,0,0,29,0,4,False,Z,False,,0
2013-05-28,ORD,LGA,AA,N559AA,374,1210,1205,1530,1500,1216,1457,0,0,0,0,0,False,Z,False,,0
2013-05-28,MIA,LGA,AA,N3GRAA,508,1210,1213,1515,1455,1225,1451,0,0,0,0,0,False,Z,False,,0
2013-05-28,LGA,DFW,AA,N3KDAA,743,1210,1207,1510,1443,1234,1437,0,0,0,0,0,False,Z,False,,0
2013-05-28,PBI,LGA,B6,N570JB,362,1210,1208,1459,1442,1221,1437,0,0,0,0,0,False,Z,False,,0
2013-05-28,LGA,RDU,MQ,N723MQ,4431,1210,1157,1355,1332,1224,1327,0,0,0,0,0,False,Z,False,,0
2013-05-28,LGA,ORD,AA,N4YMAA,329,1225,1216,1405,1335,1239,1329,0,0,0,0,0,False,Z,False,,0
2013-05-28,DFW,LGA,AA,N3CFAA,732,1225,1224,1655,1652,1234,1649,0,0,0,0,0,False,Z,False,,0
2013-05-28,IAD,LGA,EV,N829AS,5698,1235,1231,1358,1355,1304,1351,0,0,0,0,0,False,Z,False,,0
2013-05-28,ATL,LGA,DL,N674DL,2086,1240,1310,1459,1524,1325,1509,25,0,0,0,0,False,Z,False,,0
2013-05-28,LGA,MKE,WN,N244WN,163,1240,1418,1415,1536,1437,1533,28,0,0,0,53,False,Z,False,,0
2013-05-28,LGA,DEN,WN,N245WN,2497,1245,1247,1525,1445,1256,1439,0,0,0,0,0,False,Z,False,,0
2013-05-28,LGA,DTW,DL,N349NB,1131,1250,1248,1454,1459,1317,1453,0,0,0,0,0,False,Z,False,,0
2013-05-28,LGA,DFW,AA,N3DSAA,745,1250,1244,1540,1500,1254,1456,0,0,0,0,0,False,Z,False,,0
2013-05-28,FLL,LGA,B6,N597JB,376,1250,1250,1548,1533,1306,1528,0,0,0,0,0,False,Z,False,,0
2013-05-28,LGA,ORD,UA,N424UA,522,1254,1251,1432,1359,1301,1355,0,0,0,0,0,False,Z,False,,0
2013-05-28,LGA,ATL,DL,N913DE,781,1259,1256,1530,1519,1321,1509,0,0,0,0,0,False,Z,False,,0
2013-05-28,LGA,CLT,US,N543UW,1459,1259,1251,1457,1456,1329,1450,0,0,0,0,0,False,Z,False,,0
2013-05-28,MSP,LGA,DL,N339NW,1496,1300,1256,1647,1631,1311,1623,0,0,0,0,0,False,Z,False,,0
2013-05-28,LGA,MCO,DL,N914DL,1685,1300,1255,1550,1528,1315,1522,0,0,0,0,0,False,Z,False,,0
2013-05-28,MIA,LGA,DL,N335NB,874,1300,1257,1559,1546,1313,1537,0,0,0,0,0,False,Z,False,,0
2013-05-28,MCO,LGA,DL,N323US,2186,1300,1257,1538,1533,1307,1519,0,0,0,0,0,False,Z,False,,0
2013-05-28,LGA,BOS,US,N961UW,2128,1300,1253,1409,1347,1308,1341,0,0,0,0,0,False,Z,False,,0
2013-05-28,BOS,LGA,US,N963UW,2129,1300,1250,1418,1405,1311,1358,0,0,0,0,0,False,Z,False,,0
2013-05-28,DCA,LGA,US,N730US,2172,1300,1254,1421,1419,1328,1412,0,0,0,0,0,False,Z,False,,0
2013-05-28,LGA,DCA,US,N701UW,2175,1300,1312,1414,1422,1335,1419,0,0,0,0,0,False,Z,False,,0
2013-05-28,ORD,LGA,AA,N583AA,366,1300,1259,1620,1607,1308,1548,0,0,0,0,0,False,Z,False,,0
2013-05-28,ATL,LGA,MQ,N504MQ,4648,1300,1259,1525,1543,1319,1506,0,0,18,0,0,False,Z,False,,0
2013-05-28,LGA,IAH,UA,N495UA,370,1300,1252,1556,1536,1322,1529,0,0,0,0,0,False,Z,False,,0
2013-05-28,ORD,LGA,UA,N37281,1460,1300,1321,1608,1622,1338,1617,0,0,0,0,0,False,Z,False,,0
2013-05-28,CLT,LGA,US,N713UW,1248,1305,1304,1450,1448,1323,1442,0,0,0,0,0,False,Z,False,,0
2013-05-28,LGA,CMH,MQ,N722MQ,4426,1305,1302,1455,1448,1325,1441,0,0,0,0,0,False,Z,False,,0
2013-05-28,BNA,LGA,WN,N916WN,3845,1310,1329,1620,1633,1340,1628,0,0,0,0,0,False,Z,False,,0
2013-05-28,LGA,DTW,MQ,N721MQ,4564,1310,1305,1510,1513,1328,1500,0,0,0,0,0,False,Z,False,,0
2013-05-28,LGA,ATL,FL,N997AT,348,1315,1313,1538,1537,1339,1526,0,0,0,0,0,False,Z,False,,0
2013-05-28,LGA,RSW,B6,N646JB,1601,1315,1305,1616,1610,1332,1606,0,0,0,0,0,False,Z,False,,0
2013-05-28,RDU,LGA,MQ,N717MQ,4465,1315,1307,1459,1438,1320,1431,0,0,0,0,0,False,Z,False,,0
2013-05-28,LGA,CVG,EV,N600QX,5148,1320,1409,1524,1608,1433,1602,3,0,0,0,41,False,Z,False,,0
2013-05-28,ATL,LGA,FL,N896AT,37,1320,1345,1530,1552,1359,1542,0,0,0,0,22,False,Z,False,,0
2013-05-28,DFW,LGA,AA,N586AA,734,1320,1341,1800,1811,1357,1806,0,0,0,0,0,False,Z,False,,0
2013-05-28,LGA,ORD,AA,N539AA,331,1325,9999,1500,9999,9999,9999,9999,9999,9999,9999,9999,True,A,False,,0
2013-05-28,LGA,DEN,F9,N216FR,507,1327,1317,1545,1532,1341,1525,0,0,0,0,0,False,Z,False,,0
2013-05-28,LGA,RDU,MQ,N852MQ,4605,1329,1435,1504,1612,1501,1605,66,0,2,0,0,False,Z,False,,0
2013-05-28,LGA,SRQ,B6,N653JB,431,1330,1321,1622,1612,1344,1610,0,0,0,0,0,False,Z,False,,0
2013-05-28,BNA,LGA,MQ,N510MQ,4602,1330,1330,1635,1642,1344,1635,0,0,0,0,0,False,Z,False,,0
2013-05-28,CMH,LGA,MQ,N720MQ,4567,1335,1326,1520,1458,1338,1454,0,0,0,0,0,False,Z,False,,0
2013-05-28,IAH,LGA,UA,N16701,1128,1339,1338,1816,1754,1345,1751,0,0,0,0,0,False,Z,False,,0
2013-05-28,ATL,LGA,DL,N679DA,420,1340,1340,1559,1553,1401,1546,0,0,0,0,0,False,Z,False,,0
2013-05-28,LGA,DFW,AA,N3GDAA,753,1340,1344,1640,1614,1355,1605,0,0,0,0,0,False,Z,False,,0
2013-05-28,LGA,MDW,WN,N416WN,2226,1345,1353,1505,1503,1407,1458,0,0,0,0,0,False,Z,False,,0
2013-05-28,LGA,MIA,AA,N3ATAA,1073,1345,1342,1700,1644,1401,1632,0,0,0,0,0,False,Z,False,,0
2013-05-28,LGA,CLE,MQ,N735MQ,4491,1345,1334,1530,1503,1349,1458,0,0,0,0,0,False,Z,False,,0
2013-05-28,DTW,LGA,DL,N360NW,2148,1354,1408,1545,1604,1434,1554,14,0,5,0,0,False,Z,False,,0
2013-05-28,FLL,LGA,DL,N331NW,1798,1355,1350,1659,1646,1407,1636,0,0,0,0,0,False,Z,False,,0
2013-05-28,PHL,LGA,US,N957UW,1294,1355,1348,1451,1451,1417,1444,0,0,0,0,0,False,Z,False,,0
2013-05-28,LGA,MIA,DL,N332NW,1331,1358,1352,1715,1653,1423,1648,0,0,0,0,0,False,Z,False,,0
2013-05-28,LGA,ATL,DL,N675DL,2247,1359,1354,1630,1620,1425,1614,0,0,0,0,0,False,Z,False,,0
2013-05-28,LGA,CLT,MQ,N509MQ,4577,1359,1356,1554,1542,1422,1539,0,0,0,0,0,False,Z,False,,0
2013-05-28,LGA,BOS,US,N956UW,2130,1400,1353,1508,1449,1411,1444,0,0,0,0,0,False,Z,False,,0
2013-05-28,BOS,LGA,US,N965UW,2131,1400,1355,1518,1518,1426,1512,0,0,0,0,0,False,Z,False,,0
2013-05-28,DCA,LGA,US,N751UW,2174,1400,1355,1521,1519,1427,1513,0,0,0,0,0,False,Z,False,,0
2013-05-28,LGA,DCA,US,N716UW,2177,1400,1354,1512,1508,1421,1503,0,0,0,0,0,False,Z,False,,0
2013-05-28,ORD,LGA,AA,N4YDAA,358,1400,1357,1720,1700,1408,1654,0,0,0,0,0,False,Z,False,,0
2013-05-28,MIA,LGA,AA,N3KJAA,1402,1400,1356,1710,1648,1406,1643,0,0,0,0,0,False,Z,False,,0
2013-05-28,ORD,LGA,UA,N479UA,684,1400,1357,1709,1707,1417,1701,0,0,0,0,0,False,Z,False,,0
2013-05-28,PIT,LGA,EV,N722EV,5406,1403,1354,1530,1521,1414,1514,0,0,0,0,0,False,Z,False,,0
2013-05-28,DFW,LGA,AA,N3GAAA,736,1405,1428,1840,1910,1438,1903,20,0,7,0,3,False,Z,False,,0
2013-05-28,SRQ,LGA,DL,N994DL,2437,1410,1359,1657,1641,1410,1633,0,0,0,0,0,False,Z,False,,0
2013-05-28,LGA,ATL,FL,N891AT,366,1412,1450,1635,1703,1507,1653,0,0,0,0,28,False,Z,False,,0
2013-05-28,IAD,LGA,YV,N506MJ,3764,1412,1414,1530,1530,1436,1525,0,0,0,0,0,False,Z,False,,0
2013-05-28,LGA,ORD,AA,N4XKAA,337,1415,1412,1555,1548,1438,1538,0,0,0,0,0,False,Z,False,,0
2013-05-28,MCO,LGA,B6,N629JB,398,1415,1414,1656,1654,1430,1645,0,0,0,0,0,False,Z,False,,0
2013-05-28,LGA,MSP,MQ,N528MQ,4588,1415,1406,1610,1605,1432,1602,0,0,0,0,0,False,Z,False,,0
2013-05-28,MSP,LGA,MQ,N534MQ,4592,1415,1418,1805,1819,1449,1814,0,0,0,0,0,False,Z,False,,0
2013-05-28,CLE,LGA,MQ,N713MQ,4554,1415,1415,1555,1545,1432,1539,0,0,0,0,0,False,Z,False,,0
2013-05-28,RDU,LGA,MQ,N723MQ,4434,1425,1420,1605,1549,1434,1544,0,0,0,0,0,False,Z,False,,0
2013-05-28,LGA,FLL,DL,N313US,1779,1429,1424,1738,1743,1442,1740,0,0,0,0,0,False,Z,False,,0
2013-05-28,LGA,IAD,EV,N829AS,5699,1430,9999,1555,9999,9999,9999,9999,9999,9999,9999,9999,True,A,False,,0
2013-05-28,MEM,LGA,EV,N608QX,5599,1430,1426,1818,1759,1440,1752,0,0,0,0,0,False,Z,False,,0
2013-05-28,LGA,CAK,FL,N910AT,721,1430,1431,1601,1558,1450,1553,0,0,0,0,0,False,Z,False,,0
2013-05-28,CLT,LGA,US,N178US,1182,1432,1428,1619,1613,1444,1608,0,0,0,0,0,False,Z,False,,0
2013-05-28,LGA,MSP,DL,N365NB,1819,1440,1705,1645,1859,1728,1855,134,0,0,0,0,False,Z,False,,0
2013-05-28,LGA,PBI,DL,N354NW,1902,1440,1434,1742,1733,1457,1730,0,0,0,0,0,False,Z,False,,0
2013-05-28,ATL,LGA,DL,N6701,802,1440,1439,1703,1702,1503,1653,0,0,0,0,0,False,Z,False,,0
2013-05-28,LGA,CLT,US,N167US,1505,1440,1437,1642,1633,1500,1623,0,0,0,0,0,False,Z,False,,0
2013-05-28,MDW,LGA,WN,N719SW,1354,1440,1548,1745,1855,1556,1850,5,0,2,0,63,False,Z,False,,0
2013-05-28,LGA,CMH,MQ,N711MQ,4429,1440,1428,1630,1627,1510,1623,0,0,0,0,0,False,Z,False,,0
2013-05-28,LGA,DTW,DL,N325NB,1231,1445,1433,1651,1632,1458,1624,0,0,0,0,0,False,Z,False,,0
2013-05-28,MCI,LGA,EV,N740EV,4990,1445,1439,1842,1830,1450,1824,0,0,0,0,0,False,Z,False,,0
2013-05-28,LGA,MIA,AA,N3AVAA,1925,1445,1610,1805,1920,1638,1905,0,0,0,0,75,False,Z,False,,0
2013-05-28,LGA,STL,AA,N466AA,2223,1445,1435,1625,1605,1456,1603,0,0,0,0,0,False,Z,False,,0
2013-05-28,ATL,LGA,FL,N149AT,117,1450,1450,1659,1711,1511,1702,0,0,0,0,0,False,Z,False,,0
2013-05-28,ORD,LGA,AA,N4YMAA,362,1450,1457,1810,1754,1508,1749,0,0,0,0,0,False,Z,False,,0
2013-05-28,DEN,LGA,UA,N585UA,776,1450,1450,2029,2028,1502,2020,0,0,0,0,0,False,Z,False,,0
2013-05-28,LGA,DFW,AA,N3FXAA,759,1455,1453,1805,1730,1518,1722,0,0,0,0,0,False,Z,False,,0
2013-05-28,LGA,FLL,B6,N729JB,377,1455,1455,1801,1814,1525,1809,0,0,0,0,0,False,Z,False,,0
2013-05-28,LGA,IAH,UA,N416UA,770,1455,1449,1753,1729,1514,1723,0,0,0,0,0,False,Z,False,,0
2013-05-28,TPA,LGA,DL,N902DE,2462,1458,1503,1744,1735,1512,1728,0,0,0,0,0,False,Z,False,,0
2013-05-28,LGA,ATL,DL,N665DN,2347,1459,1452,1732,1722,1526,1713,0,0,0,0,0,False,Z,False,,0
2013-05-28,MCO,LGA,DL,N349NW,1876,1500,1456,1741,1733,1511,1723,0,0,0,0,0,False,Z,False,,0
2013-05-28,MSP,LGA,DL,N316NB,2196,1500,1457,1844,1840,1508,1833,0,0,0,0,0,False,Z,False,,0
2013-05-28,LGA,CHS,EV,N612QX,4971,1500,1456,1722,1653,1521,1649,0,0,0,0,0,False,Z,False,,0
2013-05-28,LGA,BOS,US,N963UW,2132,1500,1452,1612,1549,1512,1545,0,0,0,0,0,False,Z,False,,0
2013-05-28,BOS,LGA,US,N961UW,2133,1500,1451,1612,1615,1522,1607,0,0,0,0,0,False,Z,False,,0
2013-05-28,DCA,LGA,US,N701UW,2176,1500,1504,1615,1625,1531,1616,0,0,0,0,0,False,Z,False,,0
2013-05-28,LGA,DCA,US,N730US,2179,1500,1455,1622,1615,1520,1609,0,0,0,0,0,False,Z,False,,0
2013-05-28,CLT,LGA,YV,N916FJ,2802,1500,1604,1649,1745,1618,1739,56,0,0,0,0,False,Z,False,,0
2013-05-28,LGA,ORD,AA,N4YTAA,341,1500,1457,1645,1633,1529,1624,0,0,0,0,0,False,Z,False,,0
2013-05-28,DFW,LGA,AA,N3CHAA,738,1500,1458,1940,1924,1509,1919,0,0,0,0,0,False,Z,False,,0
2013-05-28,LGA,ORD,UA,N452UA,685,1500,1457,1638,1611,1515,1608,0,0,0,0,0,False,Z,False,,0
2013-05-28,ORD,LGA,UA,N77530,1575,1501,1521,1809,1823,1533,1818,0,0,0,0,0,False,Z,False,,0
2013-05-28,ATL,LGA,MQ,N3AEMQ,4659,1505,1525,1730,1759,1548,1735,0,0,9,0,20,False,Z,False,,0
2013-05-28,LGA,MCO,DL,N938DL,2181,1515,1512,1806,1747,1531,1739,0,0,0,0,0,False,Z,False,,0
2013-05-28,LGA,DEN,UA,N540UA,745,1518,1558,1738,1838,1621,1828,28,0,20,0,12,False,Z,False,,0
2013-05-28,LGA,ATL,MQ,N532MQ,4669,1520,1515,1745,1736,1547,1728,0,0,0,0,0,False,Z,False,,0
2013-05-28,FLL,LGA,DL,N919DE,954,1525,1521,1829,1824,1542,1813,0,0,0,0,0,False,Z,False,,0
2013-05-28,LGA,RDU,MQ,N725MQ,4447,1525,1516,1715,1641,1533,1637,0,0,0,0,0,False,Z,False,,0
2013-05-28,CMH,LGA,MQ,N722MQ,4427,1525,1523,1715,1707,1533,1656,0,0,0,0,0,False,Z,False,,0
2013-05-28,LGA,CLT,MQ,N525MQ,4579,1525,1525,1730,1656,1536,1651,0,0,0,0,0,False,Z,False,,0
2013-05-28,LGA,TPA,DL,N368NW,1935,1530,1525,1831,1805,1545,1801,0,0,0,0,0,False,Z,False,,0
2013-05-28,MIA,LGA,DL,N924DL,2044,1530,1529,1837,1839,1548,1825,0,0,0,0,0,False,Z,False,,0
2013-05-28,LGA,XNA,MQ,N717MQ,4525,1535,1533,1800,1735,1548,1731,0,0,0,0,0,False,Z,False,,0
2013-05-28,ATL,LGA,DL,N662DN,486,1540,1536,1809,1813,1611,1758,0,0,0,0,0,False,Z,False,,0
2013-05-28,LGA,PHL,US,N957UW,1607,1540,1534,1648,1645,1551,1633,0,0,0,0,0,False,Z,False,,0
2013-05-28,LGA,CLT,US,N713UW,1899,1540,1530,1741,1714,1549,1710,0,0,0,0,0,False,Z,False,,0
2013-05-28,ORD,LGA,AA,N4XMAA,360,1540,1535,1905,1856,1554,1852,0,0,0,0,0,False,Z,False,,0
2013-05-28,DTW,LGA,MQ,N721MQ,4565,1540,1543,1735,1754,1623,1743,0,0,19,0,0,False,Z,False,,0
2013-05-28,DEN,LGA,UA,N490UA,406,1544,1549,2129,2153,1602,2147,0,0,24,0,0,False,Z,False,,0
2013-05-28,LGA,MSY,DL,N363NB,1705,1545,1540,1812,1743,1555,1736,0,0,0,0,0,False,Z,False,,0
2013-05-28,DTW,LGA,DL,N343NW,2248,1545,1543,1736,1727,1600,1721,0,0,0,0,0,False,Z,False,,0
2013-05-28,MKE,LGA,WN,N213WN,2957,1545,1546,1855,1909,1554,1853,0,0,0,0,0,False,Z,False,,0
2013-05-28,MIA,LGA,AA,N3DDAA,564,1545,1546,1900,1843,1558,1838,0,0,0,0,0,False,Z,False,,0
2013-05-28,DEN,LGA,DL,N342NW,1794,1550,1549,2138,2135,1601,2128,0,0,0,0,0,False,Z,False,,0
2013-05-28,LGA,MIA,DL,N971DL,1982,1550,1545,1907,1837,1602,1833,0,0,0,0,0,False,Z,False,,0
2013-05-28,LGA,DFW,AA,N3CCAA,763,1550,1557,1900,1830,1619,1820,0,0,0,0,0,False,Z,False,,0
2013-05-28,LGA,CLE,UA,N37252,1719,1550,1553,1750,1730,1610,1723,0,0,0,0,0,False,Z,False,,0
2013-05-28,PBI,LGA,DL,N918DL,1174,1555,1555,1850,1854,1607,1840,0,0,0,0,0,False,Z,False,,0
2013-05-28,DFW,LGA,AA,N544AA,742,1555,1558,2040,2018,1610,2014,0,0,0,0,0,False,Z,False,,0
2013-05-28,RSW,LGA,B6,N637JB,1602,1555,1547,1846,1833,1557,1827,0,0,0,0,0,False,Z,False,,0
2013-05-28,RDU,LGA,MQ,N852MQ,4610,1555,1644,1735,1827,1705,1822,2,0,3,0,47,False,Z,False,,0
2013-05-28,LGA,BNA,MQ,N527MQ,4622,1555,1546,1715,1646,1601,1641,0,0,0,0,0,False,Z,False,,0
2013-05-28,IAH,LGA,UA,N453UA,449,1558,1600,2029,2038,1614,2027,0,0,0,0,0,False,Z,False,,0
2013-05-28,LGA,ATL,DL,N674DL,847,1600,1608,1837,1827,1640,1821,0,0,0,0,0,False,Z,False,,0
2013-05-28,LGA,BOS,US,N965UW,2134,1600,1552,1718,1645,1604,1639,0,0,0,0,0,False,Z,False,,0
2013-05-28,BOS,LGA,US,N956UW,2135,1600,1551,1712,1724,1615,1719,0,0,0,0,0,False,Z,False,,0
2013-05-28,DCA,LGA,US,N716UW,2178,1600,1555,1715,1724,1630,1717,0,0,0,0,0,False,Z,False,,0
2013-05-28,LGA,DCA,US,N751UW,2181,1600,1554,1721,1708,1616,1659,0,0,0,0,0,False,Z,False,,0
2013-05-28,DAY,LGA,9E,N8970D,4053,1600,1702,1753,1916,1722,1858,0,0,21,19,43,False,Z,False,,0
2013-05-28,LGA,MIA,AA,N3GRAA,1467,1600,1555,1925,1911,1611,1838,0,0,0,0,0,False,Z,False,,0
2013-05-28,CLE,LGA,MQ,N735MQ,4528,1600,1549,1745,1716,1556,1709,0,0,0,0,0,False,Z,False,,0
2013-05-28,LGA,IAD,YV,N506MJ,3771,1603,1608,1730,1727,1633,1720,0,0,0,0,0,False,Z,False,,0
2013-05-28,ORD,LGA,UA,N813UA,688,1605,1600,1914,1922,1637,1918,0,0,0,0,0,False,Z,False,,0
2013-05-28,LGA,PIT,EV,N615QX,5486,1607,1606,1758,1741,1643,1736,0,0,0,0,0,False,Z,False,,0
2013-05-28,CLT,LGA,US,N196UW,1490,1609,1606,1757,2046,1616,2039,9999,9999,9999,9999,9999,False,Z,True,True,1
2013-05-28,LGA,BNA,EV,N722EV,4974,1610,1604,1749,1741,1650,1736,0,0,0,0,0,False,Z,False,,0
2013-05-28,CVG,LGA,EV,N713EV,5144,1610,1607,1811,1758,1619,1748,0,0,0,0,0,False,Z,False,,0
2013-05-28,LGA,ORD,AA,N559AA,343,1610,1602,1800,1738,1637,1731,0,0,0,0,0,False,Z,False,,0
2013-05-28,LGA,PBI,B6,N570JB,369,1610,1608,1911,1847,1629,1846,0,0,0,0,0,False,Z,False,,0
2013-05-28,LGA,ATL,MQ,N504MQ,4657,1615,1634,1840,1846,1653,1839,0,0,0,0,0,False,Z,False,,0
2013-05-28,LGA,MSP,DL,N323US,1619,1625,1624,1835,1842,1651,1834,0,0,0,0,0,False,Z,False,,0
2013-05-28,LGA,TPA,B6,N597JB,985,1629,1619,1927,1907,1647,1904,0,0,0,0,0,False,Z,False,,0
2013-05-28,LGA,RDU,MQ,N713MQ,4415,1629,1629,1814,1803,1652,1800,0,0,0,0,0,False,Z,False,,0
2013-05-28,LGA,DTW,DL,N360NW,2231,1630,1650,1840,1915,1709,1909,1,0,15,0,19,False,Z,False,,0
2013-05-28,LGA,ATL,FL,N896AT,716,1630,1637,1853,1854,1657,1846,0,0,0,0,0,False,Z,False,,0
2013-05-28,DFW,LGA,AA,N3CKAA,746,1630,1643,2110,2106,1655,2058,0,0,0,0,0,False,Z,False,,0
2013-05-28,DEN,LGA,WN,N274WN,111,1635,1645,2225,2225,1655,2219,0,0,0,0,0,False,Z,False,,0
2013-05-28,CLT,LGA,MQ,N509MQ,4603,1635,1631,1840,1829,1653,1820,0,0,0,0,0,False,Z,False,,0
2013-05-28,ATL,LGA,DL,N963DL,2386,1640,1645,1914,1919,1702,1910,0,0,0,0,0,False,Z,False,,0
2013-05-28,ORD,LGA,AA,N4XKAA,356,1640,1637,2010,1939,1653,1934,0,0,0,0,0,False,Z,False,,0
2013-05-28,LGA,DTW,MQ,N738MQ,4540,1640,1727,1845,1945,1755,1936,47,0,13,0,0,False,Z,False,,0
2013-05-28,LGA,MEM,DL,N335NB,1473,1645,1641,1851,1817,1700,1810,0,0,0,0,0,False,Z,False,,0
2013-05-28,CAK,LGA,FL,N910AT,733,1645,1638,1807,1813,1650,1756,0,0,0,0,0,False,Z,False,,0
2013-05-28,MSP,LGA,MQ,N528MQ,4597,1645,1639,2025,2008,1649,2004,0,0,0,0,0,False,Z,False,,0
2013-05-28,LGA,STL,WN,N916WN,197,1650,1714,1845,1843,1731,1839,0,0,0,0,0,False,Z,False,,0
2013-05-28,LGA,DFW,AA,N494AA,773,1655,1711,2010,1953,1736,1943,0,0,0,0,0,False,Z,False,,0
2013-05-28,IAH,LGA,UA,N23708,1496,1658,1658,2129,2128,1710,2124,0,0,0,0,0,False,Z,False,,0
2013-05-28,LGA,ATL,DL,N679DA,1499,1700,1658,1939,1917,1721,1907,0,0,0,0,0,False,Z,False,,0
2013-05-28,LGA,BOS,US,N961UW,2136,1700,1655,1815,1756,1712,1747,0,0,0,0,0,False,Z,False,,0
2013-05-28,BOS,LGA,US,N963UW,2137,1700,1656,1816,1824,1734,1817,0,0,0,0,0,False,Z,False,,0
2013-05-28,DCA,LGA,US,N730US,2180,1700,1658,1820,1814,1722,1808,0,0,0,0,0,False,Z,False,,0
2013-05-28,LGA,DCA,US,N701UW,2183,1700,1703,1823,1814,1724,1810,0,0,0,0,0,False,Z,False,,0
2013-05-28,LGA,ORD,AA,N583AA,345,1700,1658,1850,1826,1723,1817,0,0,0,0,0,False,Z,False,,0
2013-05-28,CMH,LGA,MQ,N711MQ,4557,1700,1651,1855,1840,1711,1837,0,0,0,0,0,False,Z,False,,0
2013-05-28,LGA,IAH,UA,N37281,1681,1700,1709,1956,1956,1730,1945,0,0,0,0,0,False,Z,False,,0
2013-05-28,PIT,LGA,EV,N709EV,5140,1703,1739,1831,1920,1813,1913,2,0,13,0,34,False,Z,False,,0
2013-05-28,ORD,LGA,UA,N26208,1577,1704,1706,2012,2006,1722,2002,0,0,0,0,0,False,Z,False,,0
2013-05-28,LGA,CLT,US,N178US,894,1705,1748,1911,1928,1805,1924,17,0,0,0,0,False,Z,False,,0
2013-05-28,STL,LGA,AA,N466AA,1170,1705,1659,2030,2031,1711,2024,0,0,0,0,0,False,Z,False,,0
2013-05-28,LGA,ORD,UA,N79279,1183,1705,1708,1844,1826,1729,1819,0,0,0,0,0,False,Z,False,,0
2013-05-28,SRQ,LGA,B6,N653JB,432,1708,1656,2000,1935,1705,1922,0,0,0,0,0,False,Z,False,,0
2013-05-28,MDW,LGA,WN,N272WN,313,1715,1720,2025,2028,1732,2022,0,0,0,0,0,False,Z,False,,0
2013-05-28,LGA,STL,AA,N4YDAA,2019,1715,1738,1900,1855,1746,1852,0,0,0,0,0,False,Z,False,,0
2013-05-28,IAD,LGA,EV,N830AS,5686,1720,1711,1839,1957,1858,1953,0,0,78,0,0,False,Z,False,,0
2013-05-28,LGA,DEN,UA,N528UA,509,1723,1718,1943,1949,1738,1940,0,0,0,0,0,False,Z,False,,0
2013-05-28,CAE,LGA,9E,N8423C,3803,1725,1720,1932,1921,1730,1914,0,0,0,0,0,False,Z,False,,0
2013-05-28,LGA,DTW,DL,N331NW,2331,1730,1722,1935,1939,1744,1931,0,0,0,0,0,False,Z,False,,0
2013-05-28,LGA,DEN,F9,N211FR,837,1730,1742,1956,2001,1756,1947,0,0,0,0,0,False,Z,False,,0
2013-05-28,ORD,LGA,AA,N4YTAA,352,1730,1726,2059,2038,1740,2026,0,0,0,0,0,False,Z,False,,0
2013-05-28,DFW,LGA,AA,N3GDAA,762,1730,1730,2200,2155,1741,2150,0,0,0,0,0,False,Z,False,,0
2013-05-28,ATL,LGA,FL,N891AT,31,1731,1744,1949,1954,1759,1947,0,0,0,0,0,False,Z,False,,0
2013-05-28,MSP,LGA,DL,N314NB,2296,1735,1734,2125,2128,1757,2122,0,0,0,0,0,False,Z,False,,0
2013-05-28,LGA,PWM,DL,N339NW,2383,1735,1730,1902,1834,1745,1830,0,0,0,0,0,False,Z,False,,0
2013-05-28,LGA,CLT,YV,N916FJ,2751,1735,1808,1937,1951,1829,1947,0,0,0,0,0,False,Z,False,,0
2013-05-28,LGA,ATL,FL,N149AT,722,1739,1804,2002,2021,1825,2013,0,0,19,0,0,False,Z,False,,0
2013-05-28,ATL,LGA,DL,N675DL,786,1740,1740,2013,2009,1808,1957,0,0,0,0,0,False,Z,False,,0
2013-05-28,DEN,LGA,UA,N853UA,469,1744,1739,2329,2314,1755,2310,0,0,0,0,0,False,Z,False,,0
2013-05-28,LGA,MCO,DL,N994DL,1585,1745,1740,2043,2008,1753,2001,0,0,0,0,0,False,Z,False,,0
2013-05-28,LGA,DEN,DL,N341NW,884,1745,1745,2021,2006,1807,1958,0,0,0,0,0,False,Z,False,,0
2013-05-28,LGA,DFW,AA,N3CFAA,785,1745,1736,2050,2015,1758,2010,0,0,0,0,0,False,Z,False,,0
2013-05-28,RDU,LGA,MQ,N725MQ,4448,1745,1746,1925,1936,1818,1931,0,0,0,0,0,False,Z,False,,0
2013-05-28,PBI,LGA,B6,N612JB,364,1748,1821,2040,2103,1833,2057,6,0,0,0,17,False,Z,False,,0
2013-05-28,MIA,LGA,AA,N3ATAA,1536,1750,1749,2100,2054,1817,2047,0,0,0,0,0,False,Z,False,,0
2013-05-28,BNA,LGA,MQ,N527MQ,4618,1750,1745,2110,2046,1753,2042,0,0,0,0,0,False,Z,False,,0
2013-05-28,IAH,LGA,UA,N455UA,332,1751,1753,2229,2217,1804,2212,0,0,0,0,0,False,Z,False,,0
2013-05-28,DTW,LGA,DL,N357NW,1548,1755,1754,1948,1949,1825,1938,0,0,0,0,0,False,Z,False,,0
2013-05-28,MIA,LGA,DL,N332NW,1182,1755,1751,2101,2044,1810,2036,0,0,0,0,0,False,Z,False,,0
2013-05-28,LGA,MDW,WN,N442WN,3962,1755,1753,1930,1918,1810,1857,0,0,0,0,0,False,Z,False,,0
2013-05-28,LGA,MIA,AA,N3KJAA,1611,1755,1750,2120,2056,1812,2041,0,0,0,0,0,False,Z,False,,0
2013-05-28,LGA,RDU,MQ,N510MQ,4601,1755,1757,1930,1930,1819,1922,0,0,0,0,0,False,Z,False,,0
2013-05-28,CLE,LGA,EV,N14972,3260,1756,1753,1930,1923,1809,1916,0,0,0,0,0,False,Z,False,,0
2013-05-28,CHS,LGA,EV,N612QX,4971,1757,1753,2007,1948,1803,1936,0,0,0,0,0,False,Z,False,,0
2013-05-28,LGA,MCO,B6,N629JB,391,1759,1752,2049,2030,1817,2025,0,0,0,0,0,False,Z,False,,0
2013-05-28,LGA,ATL,DL,N6701,61,1800,1754,2034,2008,1815,1959,0,0,0,0,0,False,Z,False,,0
2013-05-28,LGA,BOS,US,N956UW,2138,1800,1754,1913,1852,1813,1846,0,0,0,0,0,False,Z,False,,0
2013-05-28,BOS,LGA,US,N965UW,2139,1800,1752,1922,1931,1842,1924,0,0,0,0,0,False,Z,False,,0
2013-05-28,DCA,LGA,US,N751UW,2182,1800,1757,1921,1934,1843,1928,0,0,0,0,0,False,Z,False,,0
2013-05-28,LGA,DCA,US,N716UW,2185,1800,1800,1915,2109,2005,2103,0,0,114,0,0,False,Z,False,,0
2013-05-28,ORD,LGA,AA,N527AA,350,1800,1800,2130,2108,1814,2102,0,0,0,0,0,False,Z,False,,0
2013-05-28,LGA,ORD,AA,N586AA,353,1800,1854,1950,2022,1921,2012,2,0,0,0,30,False,Z,False,,0
2013-05-28,LGA,XNA,MQ,N722MQ,4413,1800,1751,2025,2004,1822,2000,0,0,0,0,0,False,Z,False,,0
2013-05-28,LGA,ORD,UA,N479UA,691,1800,1758,1938,1919,1818,1915,0,0,0,0,0,False,Z,False,,0
2013-05-28,ORD,LGA,UA,N12225,1679,1805,1800,2115,2124,1827,2118,0,0,0,0,0,False,Z,False,,0
2013-05-28,LGA,PBI,DL,N384DA,2370,1810,1844,2114,2118,1858,2115,0,0,0,0,0,False,Z,False,,0
2013-05-28,CLT,LGA,MQ,N525MQ,4580,1810,1810,2005,2011,1843,2006,0,0,0,0,0,False,Z,False,,0
2013-05-28,LGA,CMH,MQ,N3AEMQ,4626,1810,1844,2000,2010,1856,2007,0,0,0,0,0,False,Z,False,,0
2013-05-28,MKE,LGA,WN,N443WN,271,1815,1814,2125,2132,1828,2125,0,0,0,0,0,False,Z,False,,0
2013-05-28,FLL,LGA,B6,N588JB,378,1820,1820,2127,2122,1846,2115,0,0,0,0,0,False,Z,False,,0
2013-05-28,LGA,MSY,DL,N343NW,1715,1821,1818,2041,2010,1834,2004,0,0,0,0,0,False,Z,False,,0
2013-05-28,FLL,LGA,DL,N313US,1514,1825,1829,2127,2127,1853,2120,0,0,0,0,0,False,Z,False,,0
2013-05-28,BNA,LGA,EV,N722EV,4974,1825,1818,2140,2140,1827,2132,0,0,0,0,0,False,Z,False,,0
2013-05-28,LGA,BNA,WN,N719SW,1354,1825,1925,2005,2026,1936,2022,0,0,0,0,21,False,Z,False,,0
2013-05-28,ATL,LGA,MQ,N532MQ,4663,1825,1820,2050,2044,1851,2041,0,0,0,0,0,False,Z,False,,0
2013-05-28,LGA,MSP,DL,N349NW,2019,1829,1822,2039,2027,1845,2024,0,0,0,0,0,False,Z,False,,0
2013-05-28,LGA,DTW,DL,N902DE,2131,1829,1824,2035,2009,1840,2002,0,0,0,0,0,False,Z,False,,0
2013-05-28,PBI,LGA,DL,N354NW,1902,1830,1831,2126,2120,1845,2111,0,0,0,0,0,False,Z,False,,0
2013-05-28,LGA,BNA,MQ,N735MQ,4484,1830,1817,1955,1934,1837,1930,0,0,0,0,0,False,Z,False,,0
2013-05-28,XNA,LGA,MQ,N717MQ,4500,1830,1822,2230,2214,1835,2210,0,0,0,0,0,False,Z,False,,0
2013-05-28,LGA,CLE,MQ,N501MQ,4674,1830,1822,2010,1951,1835,1945,0,0,0,0,0,False,Z,False,,0
2013-05-28,LGA,DAY,9E,N8970D,4059,1835,1942,2049,2213,2045,2208,0,0,17,0,67,False,Z,False,,0
2013-05-28,ATL,LGA,DL,N665DN,886,1840,1840,2110,2059,1903,2050,0,0,0,0,0,False,Z,False,,0
2013-05-28,CLT,LGA,US,N162UW,1630,1845,1843,2033,2026,1854,2018,0,0,0,0,0,False,Z,False,,0
2013-05-28,RDU,LGA,MQ,N713MQ,4419,1845,1838,2029,2017,1859,2010,0,0,0,0,0,False,Z,False,,0
2013-05-28,LGA,CRW,MQ,N721MQ,4517,1845,1840,2030,2006,1854,2003,0,0,0,0,0,False,Z,False,,0
2013-05-28,MSY,LGA,DL,N363NB,1705,1850,1847,2253,2251,1901,2237,0,0,0,0,0,False,Z,False,,0
2013-05-28,LGA,ORD,AA,N4YMAA,359,1850,1845,2035,1959,1901,1952,0,0,0,0,0,False,Z,False,,0
2013-05-28,TPA,LGA,DL,N375NC,1356,1854,1902,2144,2137,1911,2130,0,0,0,0,0,False,Z,False,,0
2013-05-28,MCO,LGA,DL,N938DL,1976,1855,1853,2141,2125,1906,2117,0,0,0,0,0,False,Z,False,,0
2013-05-28,LGA,BGR,EV,N713EV,5562,1855,1848,2041,2008,1910,2005,0,0,0,0,0,False,Z,False,,0
2013-05-28,LGA,CLT,US,N162UW,1491,1855,2109,2059,2301,2139,2256,23,0,0,0,99,False,Z,False,,0
2013-05-28,ORD,LGA,AA,N559AA,348,1855,1851,2220,2203,1904,2159,0,0,0,0,0,False,Z,False,,0
2013-05-28,DFW,LGA,AA,N3EWAA,766,1855,1858,2325,2310,1909,2306,0,0,0,0,0,False,Z,False,,0
2013-05-28,MIA,LGA,AA,N3ESAA,1018,1855,1851,2200,2144,1907,2141,0,0,0,0,0,False,Z,False,,0
2013-05-28,LGA,MSP,MQ,N534MQ,4649,1855,1917,2050,2107,1928,2103,0,17,0,0,0,False,Z,False,,0
2013-05-28,IAH,LGA,UA,N483UA,374,1856,1853,2329,2309,1901,2305,0,0,0,0,0,False,Z,False,,0
2013-05-28,LGA,IAH,UA,N16701,1451,1856,1849,2150,2112,1900,2108,0,0,0,0,0,False,Z,False,,0
2013-05-28,LGA,ATL,FL,N910AT,645,1859,1857,2122,2112,1912,2101,0,0,0,0,0,False,Z,False,,0
2013-05-28,LGA,ATL,DL,N662DN,947,1900,1856,2135,2120,1923,2109,0,0,0,0,0,False,Z,False,,0
2013-05-28,LGA,BHM,EV,N608QX,5038,1900,1859,2048,2013,1915,2010,0,0,0,0,0,False,Z,False,,0
2013-05-28,LGA,BOS,US,N963UW,2140,1900,1853,2012,1950,1908,1939,0,0,0,0,0,False,Z,False,,0
2013-05-28,BOS,LGA,US,N961UW,2141,1900,1851,2018,2005,1912,2000,0,0,0,0,0,False,Z,False,,0
2013-05-28,DCA,LGA,US,N701UW,2184,1900,2009,2019,2151,2054,2143,50,42,0,0,0,False,Z,False,,0
2013-05-28,LGA,DCA,US,N730US,2187,1900,1852,2016,2130,2008,2124,0,0,74,0,0,False,Z,False,,0
2013-05-28,LGA,ORD,UA,N77530,1199,1900,1902,2037,2018,1927,2015,0,0,0,0,0,False,Z,False,,0
2013-05-28,TPA,LGA,B6,N661JB,986,1907,1915,2159,2204,1931,2154,0,0,0,0,0,False,Z,False,,0
2013-05-28,MCO,LGA,B6,N595JB,396,1909,1909,2154,2147,1927,2137,0,0,0,0,0,False,Z,False,,0
2013-05-28,LGA,GSO,EV,N709EV,5168,1915,1949,2112,2134,2024,2131,0,0,0,0,22,False,Z,False,,0
2013-05-28,DTW,LGA,MQ,N738MQ,4486,1915,2014,2110,2216,2038,2208,0,0,7,0,59,False,Z,False,,0
2013-05-28,ATL,LGA,MQ,N504MQ,4671,1920,1918,2145,2133,1940,2127,0,0,0,0,0,False,Z,False,,0
2013-05-28,LGA,MCO,DL,N919DE,1485,1925,1935,2219,2208,1952,2202,0,0,0,0,0,False,Z,False,,0
2013-05-28,MSP,LGA,DL,N355NW,1596,1925,1936,2310,2321,2000,2314,0,0,0,0,0,False,Z,False,,0
2013-05-28,LGA,MIA,DL,N924DL,2139,1925,1918,2243,2219,1945,2213,0,0,0,0,0,False,Z,False,,0
2013-05-28,LGA,MKE,WN,N213WN,3135,1925,1947,2105,2105,2002,2055,0,0,0,0,0,False,Z,False,,0
2013-05-28,LGA,RDU,MQ,N711MQ,4569,1929,1922,2109,2047,1933,2039,0,0,0,0,0,False,Z,False,,0
2013-05-28,LGA,PIT,DL,N316NB,975,1930,1928,2117,2049,1946,2045,0,0,0,0,0,False,Z,False,,0
2013-05-28,LGA,MCI,EV,N740EV,4998,1930,1931,2155,2123,1953,2120,0,0,0,0,0,False,Z,False,,0
2013-05-28,LGA,IAD,EV,N830AS,5769,1930,2022,2054,2200,2102,2149,0,0,14,0,52,False,Z,False,,0
2013-05-28,STL,LGA,WN,N8308K,344,1930,1944,2255,2255,1952,2247,0,0,0,0,0,False,Z,False,,0
2013-05-28,LGA,DFW,AA,N3GAAA,791,1930,1946,2230,2214,2000,2207,0,0,0,0,0,False,Z,False,,0
2013-05-28,ATL,LGA,DL,N669DN,456,1935,1941,2205,2238,2033,2229,6,0,27,0,0,False,Z,False,,0
2013-05-28,ORD,LGA,AA,N583AA,344,1935,1939,2255,2246,2000,2240,0,0,0,0,0,False,Z,False,,0
2013-05-28,LGA,FLL,B6,N637JB,381,1935,1922,2239,2216,1941,2211,0,0,0,0,0,False,Z,False,,0
2013-05-28,LGA,TPA,DL,N918DL,1435,1940,1939,2243,2239,2009,2231,0,0,0,0,0,False,Z,False,,0
2013-05-28,LGA,FLL,DL,N944DL,1854,1940,1958,2252,2250,2022,2246,0,0,0,0,0,False,Z,False,,0
2013-05-28,MEM,LGA,EV,N723EV,5594,1940,1952,2331,2330,2009,2322,0,0,0,0,0,False,Z,False,,0
2013-05-28,DTW,LGA,DL,N334NB,180,1945,2023,2135,2224,2057,2216,0,0,11,0,38,False,Z,False,,0
2013-05-28,LGA,ORD,AA,N4XMAA,361,1945,1938,2125,2132,1959,2115,0,0,0,0,0,False,Z,False,,0
2013-05-28,LGA,MIA,AA,N3DDAA,1709,1945,1944,2300,2236,1958,2231,0,0,0,0,0,False,Z,False,,0
2013-05-28,MIA,LGA,DL,N971DL,2098,1950,1944,2257,2242,1959,2227,0,0,0,0,0,False,Z,False,,0
2013-05-28,LGA,CLE,EV,N14972,4106,1955,1951,2139,2125,2012,2120,0,0,0,0,0,False,Z,False,,0
2013-05-28,LGA,ATL,DL,N963DL,1147,2000,1957,2237,2236,2040,2225,0,0,0,0,0,False,Z,False,,0
2013-05-28,LGA,BOS,US,N965UW,2142,2000,1955,2112,2100,2018,2056,0,0,0,0,0,False,Z,False,,0
2013-05-28,BOS,LGA,US,N956UW,2143,2000,1947,2117,2100,2013,2054,0,0,0,0,0,False,Z,False,,0
2013-05-28,DCA,LGA,US,N752US,2186,2000,2041,2126,2155,2104,2149,0,13,0,0,16,False,Z,False,,0
2013-05-28,LGA,DCA,US,N751UW,2189,2000,2000,2116,2136,2025,2131,0,0,20,0,0,False,Z,False,,0
2013-05-28,LGA,ORD,UA,N813UA,695,2000,1954,2138,2158,2017,2109,0,0,20,0,0,False,Z,False,,0
2013-05-28,LGA,CMH,MQ,N725MQ,4555,2005,1959,2200,2140,2023,2136,0,0,0,0,0,False,Z,False,,0
2013-05-28,RDU,LGA,MQ,N510MQ,4604,2005,2011,2145,2159,2040,2155,0,0,0,0,0,False,Z,False,,0
2013-05-28,FLL,LGA,B6,N605JB,382,2010,2006,2304,2256,2028,2249,0,0,0,0,0,False,Z,False,,0
2013-05-28,LGA,TYS,9E,N8423C,4033,2015,2007,2240,2224,2048,2222,0,0,0,0,0,False,Z,False,,0
2013-05-28,ORD,LGA,UA,N14250,1212,2018,2152,2323,109,2236,106,0,94,12,0,0,False,Z,False,,0
2013-05-28,CLT,LGA,US,N189UW,1124,2020,2045,2207,2313,2057,2303,0,0,66,0,0,False,Z,False,,0
2013-05-28,MDW,LGA,WN,N8325D,1356,2020,9999,2325,9999,9999,9999,9999,9999,9999,9999,9999,True,A,False,,0
2013-05-28,ORD,LGA,AA,N592AA,336,2020,2023,2335,156,2301,151,0,0,141,0,0,False,Z,False,,0
2013-05-28,LGA,ATL,MQ,N509MQ,4662,2020,2013,2245,2243,2050,2235,0,0,0,0,0,False,Z,False,,0
2013-05-28,LGA,CAK,FL,N891AT,354,2030,2028,2201,2212,2103,2208,0,0,0,0,0,False,Z,False,,0
2013-05-28,MIA,LGA,AA,N3GRAA,1226,2030,2028,2330,2319,2049,2317,0,0,0,0,0,False,Z,False,,0
2013-05-28,ATL,LGA,DL,N668DN,986,2040,2052,2305,2313,2115,2300,0,0,0,0,0,False,Z,False,,0
2013-05-28,LGA,RIC,EV,N612QX,5057,2050,2045,2229,2226,2126,2220,0,0,0,0,0,False,Z,False,,0
2013-05-28,LGA,MDW,WN,N272WN,1731,2055,9999,2225,9999,9999,9999,9999,9999,9999,9999,9999,True,B,False,,0
2013-05-28,LGA,ORD,AA,N4XKAA,371,2055,2050,2230,2241,2128,2226,0,0,0,0,0,False,Z,False,,0
2013-05-28,LGA,ATL,DL,N357NW,1247,2100,2058,2327,2331,2138,2323,0,0,0,0,0,False,Z,False,,0
2013-05-28,ATL,LGA,FL,N149AT,36,2100,2114,2316,2320,2122,2309,0,0,0,0,0,False,Z,False,,0
2013-05-28,LGA,BOS,US,N961UW,2144,2100,2054,2210,2215,2133,2212,0,0,0,0,0,False,Z,False,,0
2013-05-28,DCA,LGA,US,N730US,2188,2100,2224,2207,2323,2240,2319,0,17,0,0,59,False,Z,False,,0
2013-05-28,LGA,DCA,US,N701UW,2191,2100,2213,2212,2310,2226,2306,0,0,0,0,58,False,Z,False,,0
2013-05-28,LGA,MCO,B6,N653JB,399,2100,2048,2338,2348,2131,2341,0,0,0,0,0,False,Z,False,,0
2013-05-28,LGA,DTW,MQ,N713MQ,4573,2105,2103,2305,2322,2142,2314,0,0,17,0,0,False,Z,False,,0
2013-05-28,LGA,CLT,MQ,N524MQ,4584,2115,2115,2310,2310,2141,2258,0,0,0,0,0,False,Z,False,,0
2013-05-28,LGA,BNA,MQ,N532MQ,4660,2125,2121,2235,2231,2145,2228,0,0,0,0,0,False,Z,False,,0
2013-05-28,ATL,LGA,DL,N319US,1286,2130,2146,2350,2348,2159,2340,0,0,0,0,0,False,Z,False,,0
2013-05-28,LGA,FLL,B6,N612JB,383,2130,2140,17,16,2154,12,0,0,0,0,0,False,Z,False,,0
2013-05-28,LGA,RDU,MQ,N525MQ,4617,2130,2120,2300,2250,2147,2246,0,0,0,0,0,False,Z,False,,0
2013-05-28,DTW,LGA,DL,N320NB,1448,2136,2132,2325,2305,2144,2258,0,0,0,0,0,False,Z,False,,0
2013-05-28,IAD,LGA,EV,N827AS,5742,2152,2203,2259,2317,2225,2312,0,0,7,0,11,False,Z,False,,0
2013-05-28,CLT,LGA,US,N765US,1632,2209,2208,2348,2355,2225,2348,0,0,0,0,0,False,Z,False,,0
2013-05-28,LGA,SYR,EV,N722EV,5215,2225,2221,2337,2329,2237,2325,0,0,0,0,0,False,Z,False,,0
2013-05-28,PHL,LGA,US,N951UW,1290,2250,2249,2338,2337,2305,2331,0,0,0,0,0,False,Z,False,,0
