index,FlightDate,Origin,Dest,Reporting_Airline,Tail_Number,Flight_Number_Reporting_Airline,CRSDepTime,DepTime,CRSArrTime,ArrTime,WheelsOff,WheelsOn,Cancelled
2843577,2008-02-18,DEN,LGA,F9,N901FR,514,35,40,610,619,52,604,False
2843578,2008-02-18,CMH,LGA,MQ,N824AE,4863,540,534,719,708,546,658,False
2843579,2008-02-18,LGA,IAH,CO,N73278,633,545,553,841,852,604,847,False
2843580,2008-02-18,FNT,LGA,9E,87459E,3753,600,618,750,821,640,812,False
2843581,2008-02-18,LGA,ORD,AA,N440AA,301,600,558,730,739,626,727,False
2843582,2008-02-18,LGA,DFW,AA,N432AA,701,600,602,900,917,619,912,False
2843583,2008-02-18,LGA,STL,AA,N569AA,1899,600,559,745,741,613,736,False
2843584,2008-02-18,STL,LGA,AA,N534AA,2028,600,554,915,951,608,946,False
2843585,2008-02-18,FLL,LGA,B6,N559JB,370,600,555,843,912,609,902,False
2843586,2008-02-18,LGA,FLL,B6,N524JB,371,600,559,855,921,628,917,False
2843587,2008-02-18,LGA,DEN,UA,N403UA,399,600,557,829,811,621,806,False
2843588,2008-02-18,LGA,ORD,UA,N841UA,667,600,555,728,718,618,715,False
2843589,2008-02-18,ORD,LGA,UA,N313UA,668,600,559,908,939,610,933,False
2843590,2008-02-18,BOS,LGA,US,N764US,2115,600,553,717,710,608,700,False
2843591,2008-02-18,DCA,LGA,US,N700UW,2158,600,555,704,648,603,643,False
2843592,2008-02-18,LGA,BOS,US,N737US,2114,600,555,700,651,607,646,False
2843593,2008-02-18,LGA,DCA,US,N744P,2161,600,556,709,659,609,655,False
2843594,2008-02-18,LGA,ATL,DL,N632DL,501,600,559,838,837,616,827,False
2843595,2008-02-18,LGA,ATL,FL,N261AT,359,600,557,830,820,606,813,False
2843596,2008-02-18,DCA,LGA,MQ,N716AE,4795,600,550,715,644,600,640,False
2843597,2008-02-18,DSM,LGA,MQ,N706RG,4821,600,603,935,1035,611,1028,False
2843598,2008-02-18,XNA,LGA,MQ,N729AE,4912,600,556,955,1005,612,959,False
2843599,2008-02-18,LGA,DTW,NW,N342NB,541,600,600,755,813,635,803,False
2843600,2008-02-18,RDU,LGA,MQ,N817AE,4751,605,604,740,736,623,731,False
2843601,2008-02-18,SDF,LGA,MQ,N724AE,4831,605,558,810,806,613,801,False
2843602,2008-02-18,LGA,MIA,AA,N3AHAA,2103,610,607,910,920,630,915,False
2843603,2008-02-18,LGA,CVG,DL,N381DA,718,610,9999,823,9999,9999,9999,True
2843604,2008-02-18,LGA,RDU,MQ,N718AE,4724,610,625,750,825,642,820,False
2843605,2008-02-18,CLE,LGA,MQ,N725AE,4886,610,605,745,744,616,722,False
2843606,2008-02-18,BOS,LGA,MQ,N738NR,4814,615,612,735,729,634,723,False
2843607,2008-02-18,LGA,MSP,NW,N521US,171,615,612,818,809,637,801,False
2843608,2008-02-18,DTW,LGA,NW,N511US,526,616,615,800,833,635,822,False
2843609,2008-02-18,LGA,MSP,AA,N202AA,1017,620,617,825,822,638,820,False
2843610,2008-02-18,DTW,LGA,MQ,N715AE,4877,620,613,800,752,623,749,False
2843611,2008-02-18,CAK,LGA,FL,N957AT,201,625,623,747,749,632,744,False
2843612,2008-02-18,LGA,MEM,NW,N339NW,629,629,636,830,843,656,834,False
2843613,2008-02-18,LGA,DFW,AA,N453AA,705,630,628,930,1013,651,943,False
2843614,2008-02-18,LGA,ATL,AA,N586AA,2377,630,631,900,910,654,904,False
2843615,2008-02-18,LGA,IAH,CO,N14645,333,630,636,941,1004,700,958,False
2843616,2008-02-18,LGA,CLE,CO,N14335,451,630,625,810,809,648,804,False
2843617,2008-02-18,BHM,LGA,OH,N931CA,5120,630,630,1000,1011,651,1005,False
2843618,2008-02-18,SAV,LGA,OH,N972CA,5599,635,630,847,859,638,855,False
2843619,2008-02-18,LGA,CLT,US,N162UW,985,635,630,831,835,650,830,False
2843620,2008-02-18,FNT,LGA,MQ,N728AE,4859,635,627,830,827,646,819,False
2843621,2008-02-18,MEM,LGA,MQ,N708AE,4881,635,700,1010,1038,720,1031,False
2843622,2008-02-18,LGA,CLT,MQ,N702AE,4893,635,628,840,849,655,843,False
2843623,2008-02-18,IAH,LGA,CO,N21723,1032,640,642,1103,1154,727,1150,False
2843624,2008-02-18,ATL,LGA,DL,N6711M,502,645,657,853,932,714,920,False
2843625,2008-02-18,LGA,ORD,AA,N253AA,305,650,650,825,837,706,816,False
2843626,2008-02-18,ORD,LGA,AA,N478AA,394,650,658,950,1037,708,1032,False
2843627,2008-02-18,MIA,LGA,AA,N3CCAA,1114,650,702,945,958,713,949,False
2843628,2008-02-18,LGA,XNA,MQ,N707EB,4834,650,641,930,914,702,908,False
2843629,2008-02-18,DFW,LGA,AA,N290AA,700,655,649,1115,1128,706,1123,False
2843630,2008-02-18,CMH,LGA,OH,N374CA,5680,655,645,842,922,658,917,False
2843631,2008-02-18,LGA,ATL,DL,N650DL,503,659,657,939,948,721,942,False
2843632,2008-02-18,LGA,ATL,FL,N977AT,378,659,659,930,937,714,929,False
2843633,2008-02-18,LGA,ORD,UA,N544UA,669,700,700,836,816,712,812,False
2843634,2008-02-18,ORD,LGA,UA,N935UA,670,700,702,1008,1134,836,1127,False
2843635,2008-02-18,BOS,LGA,US,N704US,2117,700,655,812,804,706,758,False
2843636,2008-02-18,DCA,LGA,US,N738US,2160,700,659,819,852,716,847,False
2843637,2008-02-18,LGA,BOS,US,,2116,700,9999,812,9999,9999,9999,True
2843638,2008-02-18,LGA,DCA,US,N756US,2163,700,654,813,802,709,758,False
2843639,2008-02-18,PIT,LGA,US,N435US,1288,700,655,830,907,709,901,False
2843640,2008-02-18,MCO,LGA,DL,N964DL,1888,700,657,943,945,712,940,False
2843641,2008-02-18,LGA,DCA,MQ,N700LE,4788,700,655,815,759,707,755,False
2843642,2008-02-18,LGA,BOS,MQ,N855AE,4803,700,716,815,837,728,834,False
2843643,2008-02-18,MSP,LGA,NW,N530US,314,700,659,1037,1221,823,1211,False
2843644,2008-02-18,LGA,IAD,YV,N511MJ,7194,700,658,827,807,715,803,False
2843645,2008-02-18,CLT,LGA,MQ,N703MR,4892,705,706,859,922,722,916,False
2843646,2008-02-18,BNA,LGA,AA,N431AA,1088,710,706,1020,1035,726,1021,False
2843647,2008-02-18,LGA,TPA,DL,N919DL,1807,710,705,1015,1032,733,1028,False
2843648,2008-02-18,ATL,LGA,FL,N924AT,382,710,709,917,940,728,935,False
2843649,2008-02-18,RDU,LGA,MQ,N734EK,4727,710,708,849,910,720,906,False
2843650,2008-02-18,LGA,DFW,AA,N3AKAA,707,715,715,1020,1032,726,1022,False
2843651,2008-02-18,LGA,TPA,FL,N149AT,206,715,707,1020,1012,719,1007,False
2843652,2008-02-18,IAD,LGA,YV,N75998,7209,716,708,830,1030,927,1024,False
2843653,2008-02-18,LGA,FLL,DL,N930DL,1866,720,723,1028,1038,748,1035,False
2843654,2008-02-18,FLL,LGA,DL,N904DE,1895,725,719,1028,1026,743,1015,False
2843655,2008-02-18,LGA,RSW,DL,N979DL,1205,729,737,1056,1108,752,1103,False
2843656,2008-02-18,LGA,DEN,F9,N901FR,505,729,722,1004,932,733,923,False
2843657,2008-02-18,LGA,DTW,NW,N750NW,533,729,734,930,941,756,928,False
2843658,2008-02-18,CLE,LGA,CO,N27734,1750,730,727,903,942,739,937,False
2843659,2008-02-18,LGA,IAH,CO,N19357,733,730,724,1040,1049,741,1037,False
2843660,2008-02-18,DEN,LGA,UA,N509UA,400,730,728,1307,1328,807,1323,False
2843661,2008-02-18,BOS,LGA,US,N754UW,2197,730,723,844,854,735,851,False
2843662,2008-02-18,TPA,LGA,DL,N953DL,1783,730,730,1009,1027,800,1020,False
2843663,2008-02-18,LGA,MCO,DL,N663DN,1863,730,739,1022,1038,800,1032,False
2843664,2008-02-18,MCO,LGA,AA,N536AA,1368,740,734,1015,1212,932,1209,False
2843665,2008-02-18,LGA,PBI,B6,N562JB,363,740,734,1035,1059,811,1054,False
2843666,2008-02-18,CVG,LGA,DL,N969DL,1238,740,733,934,1026,755,1018,False
2843667,2008-02-18,PBI,LGA,DL,N988DL,1842,740,747,1028,1209,912,1202,False
2843668,2008-02-18,LGA,BNA,AA,N460AA,1135,745,744,915,927,759,920,False
2843669,2008-02-18,IAH,LGA,CO,N17730,332,745,803,1211,1234,828,1229,False
2843670,2008-02-18,LEX,LGA,OH,N936CA,5359,745,745,942,959,801,953,False
2843671,2008-02-18,ATL,LGA,DL,N940DL,504,745,748,954,1010,810,1006,False
2843672,2008-02-18,IND,LGA,NW,N984US,668,745,742,949,1143,944,1132,False
2843673,2008-02-18,GRR,LGA,9E,84759E,4750,750,750,959,1146,946,1136,False
2843674,2008-02-18,LGA,PBI,DL,N977DL,1711,750,804,1101,1128,827,1122,False
2843675,2008-02-18,LGA,TPA,AA,N4XHAA,1005,755,808,1055,1142,831,1138,False
2843676,2008-02-18,MIA,LGA,AA,N3ATAA,1256,755,753,1050,1137,852,1130,False
2843677,2008-02-18,LGA,CVG,MQ,N716AE,4800,755,748,1000,1002,806,957,False
2843678,2008-02-18,LGA,DEN,UA,N564UA,403,756,759,1031,1005,818,957,False
2843679,2008-02-18,LGA,ATL,DL,N659DL,505,759,805,1039,1050,829,1041,False
2843680,2008-02-18,LGA,PIT,MQ,N824AE,4871,759,751,934,914,808,908,False
2843681,2008-02-18,LGA,MSP,NW,N529US,115,759,754,1012,956,825,951,False
2843682,2008-02-18,ORD,LGA,AA,N519AA,392,800,800,1100,1201,845,1157,False
2843683,2008-02-18,LGA,ORD,UA,,835,800,9999,939,9999,9999,9999,True
2843684,2008-02-18,BOS,LGA,US,N737US,2119,800,755,914,925,818,923,False
2843685,2008-02-18,CLT,LGA,US,N121UW,1050,800,754,954,1047,909,1043,False
2843686,2008-02-18,DCA,LGA,US,N744P,2162,800,756,919,1105,957,1055,False
2843687,2008-02-18,LGA,BOS,US,N764US,2118,800,754,912,906,812,900,False
2843688,2008-02-18,LGA,DCA,US,N700UW,2165,800,755,914,911,814,905,False
2843689,2008-02-18,ORD,LGA,UA,N346UA,672,806,1028,1114,1331,1044,1327,False
2843690,2008-02-18,LGA,ORD,AA,N596AA,309,810,924,945,1111,958,1059,False
2843691,2008-02-18,LGA,DFW,AA,N572AA,709,815,827,1130,1153,853,1149,False
2843692,2008-02-18,LGA,CLT,US,N186US,1247,815,811,1020,1024,835,1019,False
2843693,2008-02-18,ATL,LGA,FL,N309AT,360,815,921,1029,1138,940,1134,False
2843694,2008-02-18,LGA,DTW,MQ,N738NR,4869,815,813,1025,954,823,949,False
2843695,2008-02-18,IAD,LGA,UA,N583UA,846,820,836,933,1152,1035,1147,False
2843696,2008-02-18,PHF,LGA,FL,N944AT,642,820,923,931,1133,1017,1126,False
2843697,2008-02-18,LGA,BOS,MQ,N817AE,4802,820,815,930,924,837,920,False
2843698,2008-02-18,DFW,LGA,AA,N3ABAA,708,825,849,1240,1327,922,1321,False
2843699,2008-02-18,LGA,PBI,AA,N292AA,1229,825,825,1130,1200,857,1157,False
2843700,2008-02-18,LGA,IND,9E,87459E,4774,830,839,1105,1104,900,1053,False
2843701,2008-02-18,LGA,MIA,AA,N611AA,775,830,824,1145,1153,851,1147,False
2843702,2008-02-18,CLE,LGA,CO,N16650,1575,830,934,1005,1128,957,1121,False
2843703,2008-02-18,DCA,LGA,DL,N912DE,1944,830,829,939,1038,936,1035,False
2843704,2008-02-18,LGA,DCA,DL,N914DE,1945,830,828,943,950,855,947,False
2843705,2008-02-18,LGA,RDU,MQ,N724AE,4739,830,829,1015,1039,907,1034,False
2843706,2008-02-18,MEM,LGA,NW,N322NB,630,833,1045,1159,1421,1105,1411,False
2843707,2008-02-18,DCA,LGA,MQ,N700LE,4798,840,838,955,1106,953,1053,False
2843708,2008-02-18,BOS,LGA,MQ,N855AE,4808,840,903,1000,1055,953,1051,False
2843709,2008-02-18,LGA,CLE,MQ,N715AE,4890,840,830,1030,1009,848,1004,False
2843710,2008-02-18,ORD,LGA,AA,N522AA,386,845,918,1150,1305,948,1300,False
2843711,2008-02-18,ATL,LGA,DL,N631DL,506,845,845,1101,1120,922,1107,False
2843712,2008-02-18,DTW,LGA,NW,N342NB,540,849,931,1037,1216,1007,1207,False
2843713,2008-02-18,LGA,ORD,AA,N5CDAA,313,850,850,1035,1023,906,1012,False
2843714,2008-02-18,DEN,LGA,UA,N580UA,358,850,915,1427,1500,924,1438,False
2843715,2008-02-18,CMH,LGA,MQ,,4870,855,9999,1040,9999,9999,9999,True
2843716,2008-02-18,LGA,MCO,FL,N315AT,334,859,856,1153,1201,915,1153,False
2843717,2008-02-18,TPA,LGA,AA,N545AA,1440,900,902,1135,1218,945,1212,False
2843718,2008-02-18,LGA,IAH,CO,N14664,1633,900,851,1220,1217,912,1211,False
2843719,2008-02-18,IAH,LGA,CO,N14652,232,900,1036,1329,1505,1055,1435,False
2843720,2008-02-18,LGA,SAV,OH,N999CA,5033,900,850,1141,1200,928,1150,False
2843721,2008-02-18,LGA,ORD,UA,N437UA,673,900,1041,1035,1151,1054,1148,False
2843722,2008-02-18,ORD,LGA,UA,,674,900,9999,1206,9999,9999,9999,True
2843723,2008-02-18,BOS,LGA,US,,2121,900,9999,1022,9999,9999,9999,True
2843724,2008-02-18,DCA,LGA,US,N756US,2164,900,906,1023,1108,1005,1102,False
2843725,2008-02-18,LGA,BOS,US,N704US,2120,900,900,1016,1028,913,1025,False
2843726,2008-02-18,LGA,DCA,US,N738US,2167,900,909,1022,1027,936,1023,False
2843727,2008-02-18,LGA,ATL,DL,N935DL,507,900,929,1147,1224,1003,1218,False
2843728,2008-02-18,LGA,DTW,NW,N511US,327,900,917,1111,1124,951,1116,False
2843729,2008-02-18,CVG,LGA,DL,N918DE,1654,905,1011,1056,1301,1027,1250,False
2843730,2008-02-18,CLT,LGA,MQ,N702AE,4894,905,911,1100,1232,1102,1227,False
2843731,2008-02-18,LGA,CMH,MQ,N728AE,4849,910,900,1115,1114,929,1107,False
2843732,2008-02-18,LGA,PHF,FL,N957AT,649,911,907,1030,1037,934,1033,False
2843733,2008-02-18,LGA,PIT,US,N435US,1539,915,940,1055,1126,1013,1120,False
2843734,2008-02-18,MSP,LGA,NW,N328NW,512,920,951,1255,1351,1029,1342,False
2843735,2008-02-18,LGA,DAB,OH,N374CA,5470,929,950,1223,1340,1040,1335,False
2843736,2008-02-18,LGA,SDF,MQ,N734EK,4836,929,929,1200,1212,1000,1207,False
2843737,2008-02-18,DFW,LGA,AA,N3CHAA,710,930,959,1350,1555,1148,1550,False
2843738,2008-02-18,MIA,LGA,AA,N3BRAA,1124,930,1014,1220,1346,1055,1335,False
2843739,2008-02-18,LGA,FLL,B6,N559JB,375,930,959,1245,1341,1037,1337,False
2843740,2008-02-18,CLT,LGA,OH,,5572,930,9999,1130,9999,9999,9999,True
2843741,2008-02-18,BOS,LGA,DL,N908DE,1913,930,951,1043,1150,1021,1145,False
2843742,2008-02-18,LGA,BOS,DL,N915DE,1914,930,932,1046,1057,957,1051,False
2843743,2008-02-18,LGA,RDU,OH,N972CA,5179,940,940,1139,1142,1011,1135,False
2843744,2008-02-18,ORD,LGA,AA,,382,945,9999,1245,9999,9999,9999,True
2843745,2008-02-18,LGA,FLL,AA,N559AA,695,945,1114,1310,1427,1129,1421,False
2843746,2008-02-18,ATL,LGA,AA,N586AA,2370,945,1012,1200,1319,1119,1314,False
2843747,2008-02-18,LGA,CLE,CO,N27734,1451,945,1009,1138,1145,1022,1139,False
2843748,2008-02-18,ATL,LGA,DL,N666DN,508,945,1043,1203,1254,1103,1243,False
2843749,2008-02-18,FLL,LGA,B6,N612JB,372,950,1051,1240,1345,1120,1340,False
2843750,2008-02-18,LGA,DCA,MQ,N703MR,4796,950,947,1110,1107,1015,1102,False
2843751,2008-02-18,LGA,IAD,YV,N75998,7209,950,1052,1117,1202,1105,1155,False
2843752,2008-02-18,LGA,ATL,FL,N924AT,377,952,1014,1222,1247,1024,1239,False
2843753,2008-02-18,RIC,LGA,OH,N924CA,5261,955,1120,1107,1336,1211,1321,False
2843754,2008-02-18,CLT,LGA,US,N105UW,1910,955,955,1153,1226,1040,1220,False
2843755,2008-02-18,BOS,LGA,MQ,,4810,955,9999,1110,9999,9999,9999,True
2843756,2008-02-18,XNA,LGA,MQ,N707EB,4873,955,950,1350,1434,1052,1427,False
2843757,2008-02-18,LGA,DFW,AA,N534AA,721,959,1029,1325,1356,1056,1349,False
2843758,2008-02-18,PIT,LGA,MQ,N824AE,4872,959,1029,1125,1258,1111,1253,False
2843759,2008-02-18,STL,LGA,AA,N427AA,840,1000,1128,1320,1506,1143,1441,False
2843760,2008-02-18,LGA,TPA,OH,N653CA,5081,1000,1055,1314,1420,1122,1415,False
2843761,2008-02-18,ORD,LGA,UA,N941UA,676,1000,1022,1308,1510,1216,1506,False
2843762,2008-02-18,LGA,ORD,UA,N313UA,851,1000,1018,1140,1134,1029,1130,False
2843763,2008-02-18,BOS,LGA,US,N764US,2123,1000,954,1115,1121,1015,1113,False
2843764,2008-02-18,DCA,LGA,US,N700UW,2166,1000,1002,1117,1156,1042,1152,False
2843765,2008-02-18,LGA,BOS,US,N754UW,2122,1000,957,1115,1136,1047,1133,False
2843766,2008-02-18,LGA,CLT,US,N737US,1646,1000,1000,1210,1209,1018,1158,False
2843767,2008-02-18,LGA,DCA,US,N744P,2169,1000,1134,1119,1247,1157,1246,False
2843768,2008-02-18,LGA,ATL,DL,N6711M,509,1000,1015,1250,1256,1031,1243,False
2843769,2008-02-18,MCO,LGA,FL,N328AT,210,1001,1140,1241,1412,1209,1408,False
2843770,2008-02-18,DFW,LGA,AA,N3DCAA,712,1010,1014,1430,1635,1249,1626,False
2843771,2008-02-18,ATL,LGA,FL,N899AT,368,1010,1121,1233,1334,1151,1329,False
2843772,2008-02-18,LGA,CAK,FL,N944AT,202,1013,1204,1145,1328,1215,1323,False
2843773,2008-02-18,LGA,RDU,MQ,N700LE,4726,1015,1131,1205,1301,1140,1259,False
2843774,2008-02-18,DTW,LGA,NW,N376NW,542,1016,1144,1159,1338,1214,1330,False
2843775,2008-02-18,LGA,CVG,DL,N969DL,633,1018,1106,1241,1315,1124,1310,False
2843776,2008-02-18,LGA,CHS,OH,N936CA,5673,1024,1024,1258,1300,1049,1242,False
2843777,2008-02-18,BHM,LGA,OH,N739CA,5694,1025,1152,1354,1545,1208,1528,False
2843778,2008-02-18,CVG,LGA,MQ,N716AE,4801,1025,1049,1225,1326,1144,1320,False
2843779,2008-02-18,MSP,LGA,NW,N354NW,508,1026,1037,1400,1527,1142,1502,False
2843780,2008-02-18,LGA,MSY,AA,N544AA,411,1030,1024,1305,1301,1035,1257,False
2843781,2008-02-18,LGA,DEN,UA,N583UA,405,1030,1231,1301,1450,1257,1440,False
2843782,2008-02-18,LGA,MSY,DL,N964DL,1051,1030,1027,1305,1314,1044,1309,False
2843783,2008-02-18,DCA,LGA,DL,N914DE,1948,1030,1039,1138,1218,1108,1215,False
2843784,2008-02-18,LGA,DCA,DL,N912DE,1949,1030,1059,1148,1159,1113,1156,False
2843785,2008-02-18,IND,LGA,9E,,4777,1035,9999,1250,9999,9999,9999,True
2843786,2008-02-18,LGA,ORD,AA,N478AA,319,1035,1116,1220,1242,1130,1235,False
2843787,2008-02-18,DEN,LGA,UA,N550UA,402,1035,1036,1612,1613,1106,1608,False
2843788,2008-02-18,LGA,DTW,MQ,N729AE,4854,1035,1028,1240,1222,1042,1213,False
2843789,2008-02-18,LGA,DTW,NW,N984US,539,1039,1217,1254,1404,1231,1358,False
2843790,2008-02-18,LGA,IND,9E,84759E,4776,1040,1202,1320,1420,1222,1412,False
2843791,2008-02-18,ORD,LGA,AA,N577AA,380,1040,1040,1345,1516,1233,1511,False
2843792,2008-02-18,LGA,MIA,AA,N3CCAA,599,1040,1040,1355,1404,1101,1359,False
2843793,2008-02-18,IAH,LGA,CO,N14667,432,1040,1148,1515,1612,1223,1604,False
2843794,2008-02-18,RDU,LGA,OH,N783CA,5489,1040,1040,1214,1225,1059,1218,False
2843795,2008-02-18,RDU,LGA,MQ,N717AE,4734,1040,1117,1215,1310,1145,1305,False
2843796,2008-02-18,LGA,CLT,MQ,N706RG,4899,1040,1108,1245,1355,1119,1302,False
2843797,2008-02-18,LGA,IAH,CO,N16650,1033,1045,1200,1356,1512,1213,1506,False
2843798,2008-02-18,LGA,CMH,OH,N931CA,5462,1045,1055,1253,1246,1117,1242,False
2843799,2008-02-18,CVG,LGA,OH,N693CA,5534,1045,1115,1237,1325,1135,1312,False
2843800,2008-02-18,ATL,LGA,DL,N982DL,510,1045,1100,1259,1329,1125,1315,False
2843801,2008-02-18,DEN,LGA,F9,N901FR,510,1045,1223,1624,1816,1259,1810,False
2843802,2008-02-18,LGA,BOS,MQ,,4805,1050,9999,1205,9999,9999,9999,True
2843803,2008-02-18,DTW,LGA,MQ,N738NR,4884,1050,1122,1240,1437,1302,1429,False
2843804,2008-02-18,CLE,LGA,MQ,N715AE,4889,1055,1157,1229,1412,1253,1403,False
2843805,2008-02-18,LGA,ORD,UA,N935UA,677,1100,1204,1238,1323,1217,1319,False
2843806,2008-02-18,ORD,LGA,UA,N537UA,678,1100,1355,1405,1656,1412,1652,False
2843807,2008-02-18,BOS,LGA,US,N704US,2125,1100,1055,1213,1252,1115,1241,False
2843808,2008-02-18,DCA,LGA,US,,2168,1100,9999,1210,9999,9999,9999,True
2843809,2008-02-18,LGA,BOS,US,N748UW,2124,1100,1056,1215,1204,1114,1158,False
2843810,2008-02-18,LGA,DCA,US,N756US,2171,1100,1130,1215,1234,1143,1233,False
2843811,2008-02-18,LGA,ATL,DL,N953DL,511,1100,1109,1347,1349,1128,1336,False
2843812,2008-02-18,LGA,MCO,DL,N940DL,1887,1100,1058,1357,1354,1110,1346,False
2843813,2008-02-18,LGA,CVG,MQ,,4914,1100,9999,1305,9999,9999,9999,True
2843814,2008-02-18,DFW,LGA,AA,N458AA,720,1105,1310,1529,1755,1411,1751,False
2843815,2008-02-18,LGA,MCO,AA,N431AA,1617,1105,1138,1405,1431,1149,1425,False
2843816,2008-02-18,TPA,LGA,DL,N948DL,1897,1105,1119,1344,1347,1132,1338,False
2843817,2008-02-18,LGA,ATL,FL,N309AT,361,1110,1215,1340,1445,1228,1438,False
2843818,2008-02-18,LGA,DFW,AA,N536AA,731,1115,1333,1425,1656,1353,1649,False
2843819,2008-02-18,PBI,LGA,B6,N562JB,362,1115,1304,1405,1610,1348,1605,False
2843820,2008-02-18,LGA,CLT,US,N121UW,1233,1115,1131,1320,1332,1146,1324,False
2843821,2008-02-18,FLL,LGA,DL,N930DL,1482,1115,1206,1415,1533,1228,1516,False
2843822,2008-02-18,MCO,LGA,DL,N663DN,1752,1115,1151,1353,1432,1224,1418,False
2843823,2008-02-18,LGA,MEM,NW,N342NB,633,1120,1303,1324,1515,1332,1510,False
2843824,2008-02-18,LGA,CMH,MQ,N829AE,4878,1125,1303,1320,1512,1331,1454,False
2843825,2008-02-18,CMH,LGA,OH,N954CA,4991,1126,1155,1318,1412,1241,1401,False
2843826,2008-02-18,LGA,MSP,NW,N530US,517,1128,1305,1335,1459,1334,1454,False
2843827,2008-02-18,MIA,LGA,AA,N3BBAA,894,1130,1206,1429,1555,1318,1548,False
2843828,2008-02-18,BOS,LGA,DL,N915DE,1917,1130,1130,1239,1258,1144,1255,False
2843829,2008-02-18,LGA,BOS,DL,N908DE,1918,1130,1210,1246,1318,1226,1310,False
2843830,2008-02-18,LGA,MEM,MQ,N701MH,4882,1130,1121,1330,1323,1137,1320,False
2843831,2008-02-18,LGA,MIA,AA,N3ATAA,2093,1135,1223,1445,1538,1234,1533,False
2843832,2008-02-18,IAH,LGA,CO,N33286,1832,1135,1424,1602,1851,1459,1845,False
2843833,2008-02-18,LGA,DSM,9E,89389E,2850,1140,1505,1350,1725,1543,1721,False
2843834,2008-02-18,LGA,FLL,DL,N904DE,1835,1140,1138,1459,1500,1201,1454,False
2843835,2008-02-18,BOS,LGA,MQ,N817AE,4816,1140,1212,1250,1430,1330,1422,False
2843836,2008-02-18,CMH,LGA,MQ,N728AE,4858,1140,1204,1325,1513,1324,1445,False
2843837,2008-02-18,LGA,ORD,AA,N519AA,321,1145,1239,1329,1351,1251,1345,False
2843838,2008-02-18,ORD,LGA,AA,N255AA,378,1145,1218,1455,1524,1241,1521,False
2843839,2008-02-18,CHS,LGA,OH,N973CA,5066,1145,1245,1357,1520,1317,1445,False
2843840,2008-02-18,CLT,LGA,US,N184US,938,1145,1150,1342,1352,1230,1344,False
2843841,2008-02-18,ATL,LGA,DL,N973DL,512,1145,1144,1359,1418,1232,1409,False
2843842,2008-02-18,MCO,LGA,FL,N278AT,337,1146,1342,1426,1611,1409,1606,False
2843843,2008-02-18,DCA,LGA,MQ,N703MR,4786,1150,1302,1310,1434,1339,1424,False
2843844,2008-02-18,DFW,LGA,AA,,728,1155,9999,1615,9999,9999,9999,True
2843845,2008-02-18,LGA,DFW,AA,N290AA,739,1200,1205,1510,1624,1326,1617,False
2843846,2008-02-18,LGA,IAH,CO,N21723,1833,1200,1241,1503,1528,1253,1524,False
2843847,2008-02-18,LGA,CVG,OH,N924CA,5551,1200,1410,1428,1707,1505,1705,False
2843848,2008-02-18,LGA,ORD,UA,N346UA,679,1200,1412,1338,1603,1505,1559,False
2843849,2008-02-18,BOS,LGA,US,N754UW,2127,1200,1158,1313,1321,1226,1310,False
2843850,2008-02-18,DCA,LGA,US,N744P,2170,1200,1324,1314,1641,1551,1635,False
2843851,2008-02-18,LGA,BOS,US,N764US,2126,1200,1152,1310,1253,1211,1251,False
2843852,2008-02-18,LGA,DCA,US,N700UW,2173,1200,1216,1319,1324,1225,1320,False
2843853,2008-02-18,LGA,ATL,DL,N631DL,513,1200,1204,1446,1445,1230,1439,False
2843854,2008-02-18,LGA,PBI,DL,N918DE,1893,1200,1406,1514,1726,1431,1722,False
2843855,2008-02-18,SRQ,LGA,EV,N707EV,4195,1200,1505,1450,1744,1521,1730,False
2843856,2008-02-18,STL,LGA,AA,,1030,1210,9999,1535,9999,9999,9999,True
2843857,2008-02-18,LGA,JAX,OH,N590SW,4987,1210,1530,1452,1830,1554,1822,False
2843858,2008-02-18,ORD,LGA,UA,N327UA,680,1210,1413,1527,1741,1458,1737,False
2843859,2008-02-18,PBI,LGA,DL,N977DL,1898,1210,1215,1515,1603,1312,1554,False
2843860,2008-02-18,LGA,MSN,MQ,N855AE,4837,1210,1207,1345,1332,1221,1327,False
2843861,2008-02-18,DTW,LGA,NW,N366NW,532,1210,1351,1353,1611,1443,1600,False
2843862,2008-02-18,SAV,LGA,OH,N999CA,5011,1214,1345,1429,1555,1349,1535,False
2843863,2008-02-18,PBI,LGA,AA,N292AA,1620,1215,1318,1505,1743,1525,1739,False
2843864,2008-02-18,LGA,BNA,AA,N545AA,2275,1220,1259,1350,1443,1324,1437,False
2843865,2008-02-18,SDF,LGA,MQ,N734EK,4835,1225,1418,1429,1647,1501,1639,False
2843866,2008-02-18,FLL,LGA,B6,N503JB,376,1230,1412,1533,1821,1554,1814,False
2843867,2008-02-18,GSO,LGA,OH,N991cA,5561,1230,1332,1422,1535,1343,1510,False
2843868,2008-02-18,DCA,LGA,DL,N912DE,1952,1230,1227,1341,1358,1315,1355,False
2843869,2008-02-18,LGA,DCA,DL,N914DE,1953,1230,1234,1341,1347,1254,1343,False
2843870,2008-02-18,ORD,LGA,AA,,370,1235,9999,1545,9999,9999,9999,True
2843871,2008-02-18,JAX,LGA,OH,N451CA,5146,1235,1415,1512,1637,1438,1622,False
2843872,2008-02-18,RDU,LGA,MQ,,4732,1240,9999,1415,9999,9999,9999,True
2843873,2008-02-18,LGA,DTW,NW,N376NW,1631,1241,1417,1438,1627,1501,1619,False
2843874,2008-02-18,ATL,LGA,DL,N751AT,514,1245,1313,1504,1558,1335,1544,False
2843875,2008-02-18,LGA,ORD,AA,N522AA,329,1250,1348,1430,1527,1417,1520,False
2843876,2008-02-18,DAB,LGA,FL,N963AT,477,1250,1529,1525,1756,1554,1746,False
2843877,2008-02-18,LGA,STL,AA,N586AA,1757,1255,1401,1445,1628,1456,1621,False
2843878,2008-02-18,LGA,IAH,CO,N17730,433,1255,1329,1558,1641,1344,1631,False
2843879,2008-02-18,LGA,DTW,MQ,N717AE,4880,1255,1332,1500,1530,1352,1518,False
2843880,2008-02-18,LGA,RDU,OH,N783CA,5005,1259,1325,1445,1526,1358,1522,False
2843881,2008-02-18,LGA,ORD,UA,,681,1259,9999,1428,9999,9999,9999,True
2843882,2008-02-18,CVG,LGA,OH,N956CA,5122,1300,9999,1509,9999,9999,9999,True
2843883,2008-02-18,DAB,LGA,OH,N374CA,5470,1300,1408,1530,1713,1508,1701,False
2843884,2008-02-18,DEN,LGA,UA,N466UA,1194,1300,1258,1840,1859,1338,1855,False
2843885,2008-02-18,BOS,LGA,US,N748UW,2129,1300,1254,1414,1412,1314,1406,False
2843886,2008-02-18,DCA,LGA,US,N756US,2172,1300,1301,1425,1412,1320,1404,False
2843887,2008-02-18,LGA,BOS,US,N704US,2128,1300,1336,1411,1444,1401,1439,False
2843888,2008-02-18,LGA,DCA,US,,2175,1300,9999,1419,9999,9999,9999,True
2843889,2008-02-18,LGA,ATL,DL,N666DN,515,1300,1401,1538,1716,1454,1708,False
2843890,2008-02-18,LGA,MIA,AA,N3BRAA,637,1305,1434,1610,1820,1512,1814,False
2843891,2008-02-18,ORD,LGA,UA,N567UA,682,1305,1537,1614,1853,1559,1849,False
2843892,2008-02-18,CLT,LGA,US,N715UW,1644,1305,1301,1455,1531,1340,1513,False
2843893,2008-02-18,LGA,CLT,US,N105UW,1737,1305,1303,1507,1508,1325,1505,False
2843894,2008-02-18,LGA,RDU,MQ,N713AE,4711,1305,1301,1445,1508,1329,1501,False
2843895,2008-02-18,DTW,LGA,MQ,N729AE,4868,1305,1427,1449,1623,1503,1619,False
2843896,2008-02-18,LGA,MSP,NW,N322NB,515,1305,1500,1507,1701,1531,1652,False
2843897,2008-02-18,LGA,DAB,FL,N899AT,488,1308,1408,1553,1655,1425,1651,False
2843898,2008-02-18,MIA,LGA,AA,N624AA,1818,1310,1517,1610,1837,1603,1834,False
2843899,2008-02-18,LGA,CLT,MQ,N738NR,4895,1310,1503,1510,1733,1538,1724,False
2843900,2008-02-18,CLT,LGA,MQ,N706RG,4898,1310,1525,1510,1659,1540,1654,False
2843901,2008-02-18,MSP,LGA,NW,N369NW,182,1312,1402,1653,1750,1430,1741,False
2843902,2008-02-18,ORD,LGA,AA,,368,1320,9999,1630,9999,9999,9999,True
2843903,2008-02-18,DFW,LGA,AA,N5FAAA,732,1320,1527,1745,1935,1549,1929,False
2843904,2008-02-18,LGA,FLL,B6,N612JB,377,1320,1430,1622,1801,1510,1754,False
2843905,2008-02-18,ATL,LGA,FL,N300AT,355,1320,1558,1530,1757,1611,1749,False
2843906,2008-02-18,LGA,CVG,MQ,N716AE,4804,1320,1351,1525,1648,1447,1643,False
2843907,2008-02-18,BOS,LGA,MQ,N840AE,4818,1320,1440,1435,1553,1500,1546,False
2843908,2008-02-18,LGA,ATL,FL,N328AT,365,1321,1511,1551,1759,1540,1750,False
2843909,2008-02-18,MSP,LGA,AA,,1154,1325,9999,1715,9999,9999,9999,True
2843910,2008-02-18,IAH,LGA,CO,N33264,532,1325,1545,1759,1953,1605,1943,False
2843911,2008-02-18,LGA,IND,9E,,4778,1330,9999,1555,9999,9999,9999,True
2843912,2008-02-18,LGA,ORD,AA,N227AA,333,1330,1333,1515,1632,1508,1624,False
2843913,2008-02-18,LGA,DFW,AA,N3ABAA,745,1330,1405,1630,1756,1453,1745,False
2843914,2008-02-18,LGA,CVG,OH,N693CA,5543,1330,1410,1554,1740,1520,1729,False
2843915,2008-02-18,CHS,LGA,OH,N804CA,5672,1330,9999,1536,9999,9999,9999,True
2843916,2008-02-18,BOS,LGA,DL,N908DE,1921,1330,1338,1443,1522,1431,1518,False
2843917,2008-02-18,LGA,BOS,DL,N915DE,1922,1330,1328,1439,1443,1354,1437,False
2843918,2008-02-18,DCA,LGA,DL,N913DE,1954,1330,9999,1451,9999,9999,9999,True
2843919,2008-02-18,LGA,DCA,DL,N911DE,1955,1330,1329,1442,1447,1356,1444,False
2843920,2008-02-18,LGA,BOS,MQ,N817AE,4827,1330,1455,1435,1607,1525,1600,False
2843921,2008-02-18,CVG,LGA,MQ,,4915,1330,9999,1535,9999,9999,9999,True
2843922,2008-02-18,DCA,LGA,MQ,N739AE,4790,1335,1515,1500,1715,1624,1708,False
2843923,2008-02-18,DTW,LGA,NW,N310NW,1224,1339,1448,1528,1653,1518,1637,False
2843924,2008-02-18,ATL,LGA,DL,N952DL,516,1345,1438,1559,1651,1507,1644,False
2843925,2008-02-18,CMH,LGA,MQ,N829AE,4857,1345,1533,1530,1705,1540,1700,False
2843926,2008-02-18,TPA,LGA,OH,N653CA,5082,1349,1435,1629,1712,1453,1657,False
2843927,2008-02-18,MSY,LGA,DL,N964DL,1050,1350,1427,1749,1807,1441,1754,False
2843928,2008-02-18,LGA,DCA,MQ,N715AE,4785,1350,1508,1459,1630,1536,1627,False
2843929,2008-02-18,FLL,LGA,AA,N559AA,626,1355,1517,1655,1828,1559,1821,False
2843930,2008-02-18,MEM,LGA,MQ,N701MH,4922,1355,1515,1740,1920,1548,1912,False
2843931,2008-02-18,LGA,BHM,OH,N954CA,5161,1358,1533,1553,1745,1602,1738,False
2843932,2008-02-18,LGA,ATL,DL,N982DL,517,1359,1411,1638,1721,1457,1714,False
2843933,2008-02-18,LGA,ORD,UA,N941UA,683,1400,1545,1538,1702,1602,1656,False
2843934,2008-02-18,ORD,LGA,UA,N342UA,684,1400,1620,1718,1942,1654,1937,False
2843935,2008-02-18,BOS,LGA,US,N742PS,2131,1400,1401,1518,1548,1441,1536,False
2843936,2008-02-18,DCA,LGA,US,N700UW,2174,1400,1354,1523,1656,1559,1646,False
2843937,2008-02-18,LGA,BOS,US,N754UW,2130,1400,1354,1514,1501,1410,1456,False
2843938,2008-02-18,LGA,DCA,US,N756US,2177,1400,1447,1520,1610,1516,1609,False
2843939,2008-02-18,MSY,LGA,AA,N4WYAA,462,1405,1710,1759,2045,1720,2037,False
2843940,2008-02-18,LGA,STL,AA,N427AA,2223,1405,1545,1600,1728,1604,1725,False
2843941,2008-02-18,LGA,CLE,MQ,N725AE,4887,1405,1539,1555,1713,1555,1708,False
2843942,2008-02-18,MSN,LGA,MQ,N855AE,4829,1410,1501,1729,1823,1515,1808,False
2843943,2008-02-18,LGA,DEN,UA,N509UA,745,1412,1416,1643,1647,1459,1638,False
2843944,2008-02-18,ORD,LGA,AA,N473AA,366,1420,1537,1730,1900,1547,1830,False
2843945,2008-02-18,ATL,LGA,FL,N267AT,362,1420,1730,1630,1941,1755,1936,False
2843946,2008-02-18,LGA,DTW,NW,N328NW,531,1421,1429,1621,1648,1517,1640,False
2843947,2008-02-18,LGA,ORD,AA,N577AA,335,1430,1556,1615,1736,1611,1727,False
2843948,2008-02-18,DFW,LGA,AA,,736,1430,9999,1900,9999,9999,9999,True
2843949,2008-02-18,LGA,IAH,CO,N14652,133,1430,1549,1747,1912,1610,1906,False
2843950,2008-02-18,CLT,LGA,US,N121UW,1182,1430,1437,1621,1624,1508,1617,False
2843951,2008-02-18,DCA,LGA,DL,N914DE,1956,1430,1428,1544,1653,1604,1649,False
2843952,2008-02-18,LGA,DCA,DL,N912DE,1957,1430,1429,1540,1610,1506,1605,False
2843953,2008-02-18,LGA,XNA,MQ,,4825,1430,9999,1705,9999,9999,9999,True
2843954,2008-02-18,LGA,CLT,US,N184US,1781,1440,1437,1642,1658,1514,1652,False
2843955,2008-02-18,LGA,FLL,DL,N948DL,1485,1440,1455,1809,1854,1545,1847,False
2843956,2008-02-18,MEM,LGA,NW,N987US,632,1440,1547,1819,1942,1616,1932,False
2843957,2008-02-18,CAK,LGA,FL,N910AT,207,1442,1827,1604,2017,1847,1956,False
2843958,2008-02-18,LGA,DFW,AA,N3CHAA,751,1445,1639,1745,1942,1651,1934,False
2843959,2008-02-18,ATL,LGA,AA,N463AA,1868,1445,1625,1659,1835,1649,1829,False
2843960,2008-02-18,LGA,SAV,OH,N973CA,5557,1445,1550,1719,1832,1615,1822,False
2843961,2008-02-18,ATL,LGA,DL,N750AT,518,1445,1536,1706,1746,1554,1728,False
2843962,2008-02-18,ORD,LGA,UA,N404UA,686,1448,1724,1800,2045,1755,2039,False
2843963,2008-02-18,ATL,LGA,FL,N933AT,500,1448,1703,1659,1920,1734,1911,False
2843964,2008-02-18,LGA,GSO,OH,N739CA,5546,1450,1615,1650,1758,1628,1755,False
2843965,2008-02-18,LGA,MCO,DL,N663DN,1597,1450,1519,1758,1853,1557,1844,False
2843966,2008-02-18,LGA,MCO,B6,N562JB,395,1455,1646,1751,1957,1705,1949,False
2843967,2008-02-18,LGA,RDU,MQ,,4716,1455,9999,1640,9999,9999,9999,True
2843968,2008-02-18,LGA,PBI,DL,N973DL,1833,1459,1501,1812,1856,1549,1849,False
2843969,2008-02-18,MIA,LGA,AA,N3DHAA,1530,1500,1627,1805,1912,1651,1908,False
2843970,2008-02-18,LGA,ORD,UA,N537UA,685,1500,1744,1635,1946,1803,1941,False
2843971,2008-02-18,BOS,LGA,US,N704US,2133,1500,1539,1615,1655,1555,1647,False
2843972,2008-02-18,DCA,LGA,US,N751UW,2176,1500,1453,1623,1713,1618,1703,False
2843973,2008-02-18,LGA,BOS,US,N748UW,2132,1500,1456,1616,1605,1522,1601,False
2843974,2008-02-18,LGA,DCA,US,,2179,1500,9999,1622,9999,9999,9999,True
2843975,2008-02-18,LGA,ATL,DL,N930DL,519,1500,1625,1746,1909,1639,1859,False
2843976,2008-02-18,CVG,LGA,DL,N972DL,898,1500,1546,1700,1742,1601,1731,False
2843977,2008-02-18,MCO,LGA,DL,N940DL,1846,1500,1520,1739,1756,1545,1743,False
2843978,2008-02-18,BOS,LGA,MQ,N817AE,4820,1500,1646,1619,1756,1702,1747,False
2843979,2008-02-18,LGA,PIT,MQ,N708AE,4903,1500,1631,1635,1759,1642,1747,False
2843980,2008-02-18,IAH,LGA,CO,N27734,1532,1501,1715,1930,2115,1726,2106,False
2843981,2008-02-18,DSM,LGA,9E,,2851,1505,9999,1850,9999,9999,9999,True
2843982,2008-02-18,LGA,CLT,OH,N991cA,5251,1510,9999,1725,9999,9999,9999,True
2843983,2008-02-18,LGA,ATL,FL,N278AT,369,1510,1652,1740,1929,1702,1915,False
2843984,2008-02-18,LGA,CMH,MQ,N703MR,4919,1510,1504,1705,1705,1532,1659,False
2843985,2008-02-18,DTW,LGA,NW,N352NB,530,1510,1528,1659,1726,1555,1714,False
2843986,2008-02-18,LGA,DFW,AA,N3DCAA,753,1515,1728,1820,2036,1740,2022,False
2843987,2008-02-18,BNA,LGA,AA,N442AA,2022,1515,1709,1825,2013,1730,2006,False
2843988,2008-02-18,LGA,CHS,OH,N999CA,5245,1515,9999,1746,9999,9999,9999,True
2843989,2008-02-18,DEN,LGA,F9,N915FR,516,1515,1650,2055,2226,1703,2221,False
2843990,2008-02-18,LGA,BOS,MQ,N840AE,4811,1515,1625,1625,1726,1635,1723,False
2843991,2008-02-18,LGA,MSP,NW,N366NW,511,1515,1652,1722,1835,1707,1827,False
2843992,2008-02-18,LGA,MIA,AA,N3BBAA,1713,1520,1645,1835,2028,1728,2022,False
2843993,2008-02-18,RDU,LGA,OH,N783CA,5162,1525,1550,1706,1730,1617,1720,False
2843994,2008-02-18,DTW,LGA,MQ,N717AE,4883,1525,1612,1715,1800,1623,1744,False
2843995,2008-02-18,LGA,CLT,MQ,N729AE,4901,1529,1650,1735,1913,1711,1901,False
2843996,2008-02-18,IND,LGA,9E,80219E,4775,1530,1656,1750,1929,1738,1919,False
2843997,2008-02-18,ORD,LGA,AA,N580AA,362,1530,1733,1845,2037,1750,2031,False
2843998,2008-02-18,JAX,LGA,OH,N590SW,4988,1530,1855,1757,2116,1912,2059,False
2843999,2008-02-18,LGA,DEN,UA,N580UA,315,1530,1553,1801,1759,1613,1748,False
2844000,2008-02-18,BOS,LGA,DL,N915DE,1925,1530,1529,1641,1641,1549,1638,False
2844001,2008-02-18,LGA,BOS,DL,N908DE,1926,1530,1548,1647,1651,1605,1646,False
2844002,2008-02-18,DCA,LGA,DL,N911DE,1958,1530,9999,1645,9999,9999,9999,True
2844003,2008-02-18,LGA,DCA,DL,N913DE,1959,1530,9999,1650,9999,9999,9999,True
2844004,2008-02-18,LGA,SRQ,EV,N707EV,4195,1530,1903,1820,2224,1927,2219,False
2844005,2008-02-18,MCO,LGA,FL,N308AT,401,1530,1829,1810,2056,1845,2044,False
2844006,2008-02-18,DFW,LGA,AA,N4XDAA,740,1535,1629,2000,2038,1650,2033,False
2844007,2008-02-18,CLE,LGA,CO,N14335,1450,1535,1700,1714,1833,1711,1827,False
2844008,2008-02-18,CLT,LGA,MQ,N738NR,4896,1535,1803,1735,2014,1846,1959,False
2844009,2008-02-18,LGA,ORD,AA,N255AA,337,1540,1618,1725,1801,1638,1754,False
2844010,2008-02-18,LGA,PIT,US,N715UW,1445,1540,1603,1720,1725,1619,1722,False
2844011,2008-02-18,MSP,LGA,NW,N522US,110,1540,1659,1919,2057,1717,2035,False
2844012,2008-02-18,ATL,LGA,DL,N601DL,520,1545,1625,1811,1838,1640,1812,False
2844013,2008-02-18,CVG,LGA,MQ,N716AE,4807,1550,1712,1755,1933,1749,1924,False
2844014,2008-02-18,LGA,TYS,OH,N451CA,5483,1555,1720,1839,2001,1753,1955,False
2844015,2008-02-18,PBI,LGA,DL,N918DE,1894,1555,1812,1843,2126,1855,2057,False
2844016,2008-02-18,LGA,RIC,OH,N804CA,5263,1559,9999,1735,9999,9999,9999,True
2844017,2008-02-18,LGA,TPA,DL,N977DL,1853,1559,1649,1909,2002,1701,1958,False
2844018,2008-02-18,LGA,DCA,MQ,N706RG,4789,1559,1726,1715,1839,1742,1835,False
2844019,2008-02-18,ORD,LGA,AA,N262AA,360,1600,1753,1915,2059,1807,2053,False
2844020,2008-02-18,ORD,LGA,UA,N325UA,688,1600,1753,1917,2119,1830,2114,False
2844021,2008-02-18,BOS,LGA,US,N754UW,2135,1600,1552,1717,1718,1619,1710,False
2844022,2008-02-18,DCA,LGA,US,N756US,2178,1600,1648,1717,1806,1716,1759,False
2844023,2008-02-18,LGA,BOS,US,N742PS,2134,1600,1618,1719,1724,1632,1719,False
2844024,2008-02-18,LGA,DCA,US,N700UW,2181,1600,1729,1722,1845,1745,1842,False
2844025,2008-02-18,LGA,ATL,DL,N751AT,521,1600,1653,1848,1932,1709,1923,False
2844026,2008-02-18,FLL,LGA,DL,N904DE,1786,1600,1652,1904,2002,1733,1952,False
2844027,2008-02-18,LGA,ATL,FL,N963AT,367,1600,1847,1830,2144,1859,2117,False
2844028,2008-02-18,LGA,DTW,NW,N354NW,1225,1603,1601,1806,1744,1620,1739,False
2844029,2008-02-18,DFW,LGA,AA,N3CPAA,742,1605,1633,2029,2132,1736,2122,False
2844030,2008-02-18,STL,LGA,AA,N4XWAA,1104,1605,1730,1929,2050,1748,2045,False
2844031,2008-02-18,LGA,ATL,AA,N292AA,2393,1605,1848,1840,2133,1910,2126,False
2844032,2008-02-18,LGA,ORD,UA,N327UA,687,1606,1824,1744,2041,1837,2032,False
2844033,2008-02-18,CLT,LGA,US,N124US,1490,1610,1623,1759,1809,1649,1802,False
2844034,2008-02-18,LGA,MCO,FL,N300AT,209,1610,1840,1904,2146,1856,2137,False
2844035,2008-02-18,LGA,CLE,MQ,,4875,1610,9999,1800,9999,9999,9999,True
2844036,2008-02-18,LGA,FLL,B6,N503JB,381,1615,1910,1925,2243,1937,2239,False
2844037,2008-02-18,LGA,JAX,OH,N374CA,5436,1615,1750,1908,2102,1839,2058,False
2844038,2008-02-18,LGA,DFW,AA,,759,1620,9999,1930,9999,9999,9999,True
2844039,2008-02-18,IAH,LGA,CO,N19623,632,1620,1819,2059,2246,1849,2239,False
2844040,2008-02-18,LGA,BOS,MQ,N739AE,4813,1620,1743,1735,1905,1801,1900,False
2844041,2008-02-18,CLE,LGA,MQ,N725AE,4828,1620,1746,1810,1922,1758,1915,False
2844042,2008-02-18,LGA,RDU,AA,N559AA,1051,1625,1919,1805,2114,1946,2110,False
2844043,2008-02-18,LGA,ORD,AA,,341,1629,9999,1819,9999,9999,9999,True
2844044,2008-02-18,LGA,CLE,CO,N14667,1057,1630,1656,1817,1848,1721,1838,False
2844045,2008-02-18,LGA,CMH,OH,N956CA,5679,1630,9999,1826,9999,9999,9999,True
2844046,2008-02-18,DCA,LGA,DL,N912DE,1960,1630,1640,1742,1738,1653,1735,False
2844047,2008-02-18,LGA,DCA,DL,N914DE,1961,1630,1718,1749,1826,1734,1822,False
2844048,2008-02-18,LGA,DTW,MQ,N734EK,4847,1630,1719,1835,1939,1800,1930,False
2844049,2008-02-18,LGA,MEM,NW,N310NW,631,1630,1728,1835,1924,1738,1918,False
2844050,2008-02-18,GSP,LGA,OH,N446CA,5374,1636,1635,1852,1847,1709,1839,False
2844051,2008-02-18,LGA,CVG,DL,N952DL,1126,1639,1742,1855,2006,1804,1957,False
2844052,2008-02-18,LGA,CAK,FL,N910AT,213,1639,2101,1811,2245,2131,2239,False
2844053,2008-02-18,ORD,LGA,AA,N576AA,358,1640,1833,1955,2144,1851,2130,False
2844054,2008-02-18,GSO,LGA,OH,N487CA,5287,1640,1655,1827,1850,1708,1840,False
2844055,2008-02-18,CVG,LGA,OH,N797CA,5308,1645,1730,1853,2007,1810,1951,False
2844056,2008-02-18,ATL,LGA,DL,N916DE,522,1645,1657,1907,1907,1720,1858,False
2844057,2008-02-18,RDU,LGA,AA,N283AA,1198,1650,1845,1829,2008,1901,2003,False
2844058,2008-02-18,DEN,LGA,UA,N433UA,406,1650,1714,2228,2339,1826,2334,False
2844059,2008-02-18,BOS,LGA,MQ,N840AE,4823,1655,1808,1815,1936,1831,1931,False
2844060,2008-02-18,ATL,LGA,FL,N893AT,364,1656,1948,1910,2158,2013,2151,False
2844061,2008-02-18,LGA,DFW,AA,,763,1659,9999,2009,9999,9999,9999,True
2844062,2008-02-18,LGA,CVG,MQ,,4812,1659,9999,1905,9999,9999,9999,True
2844063,2008-02-18,MIA,LGA,AA,N3AHAA,592,1700,1845,2005,2208,1933,2156,False
2844064,2008-02-18,DFW,LGA,AA,N432AA,744,1700,1846,2129,2253,1858,2235,False
2844065,2008-02-18,LGA,IAH,CO,N33286,1433,1700,1950,2002,2247,2003,2242,False
2844066,2008-02-18,BOS,LGA,US,N748UW,2137,1700,1654,1820,1833,1724,1826,False
2844067,2008-02-18,DCA,LGA,US,,2180,1700,9999,1825,9999,9999,9999,True
2844068,2008-02-18,LGA,BOS,US,N704US,2136,1700,1740,1822,1851,1751,1846,False
2844069,2008-02-18,LGA,DCA,US,N751UW,2183,1700,1746,1822,1855,1758,1853,False
2844070,2008-02-18,LGA,ATL,DL,N976DL,523,1700,1656,1949,1945,1716,1935,False
2844071,2008-02-18,PIT,LGA,MQ,N708AE,4902,1700,1824,1840,1957,1841,1945,False
2844072,2008-02-18,LGA,MIA,AA,N624AA,1559,1705,1943,2015,2333,2020,2322,False
2844073,2008-02-18,LGA,ORD,UA,N567UA,689,1705,1949,1848,2159,2027,2153,False
2844074,2008-02-18,ORD,LGA,UA,N515UA,690,1705,1846,2019,2145,1904,2140,False
2844075,2008-02-18,LGA,CLT,US,N121UW,1627,1705,1701,1914,1916,1727,1908,False
2844076,2008-02-18,DTW,LGA,NW,N553NW,332,1705,1909,1859,2107,1928,2050,False
2844077,2008-02-18,LGA,ATL,FL,N267AT,371,1710,2031,1940,2301,2045,2253,False
2844078,2008-02-18,MSP,LGA,NW,N520US,124,1714,1715,2055,2057,1728,2042,False
2844079,2008-02-18,LGA,ORD,AA,,345,1715,9999,1859,9999,9999,9999,True
2844080,2008-02-18,LGA,RDU,OH,N653CA,5229,1715,1815,1901,2010,1844,2005,False
2844081,2008-02-18,LGA,DEN,UA,N550UA,409,1715,1719,1947,1916,1735,1910,False
2844082,2008-02-18,LGA,DCA,MQ,N702AE,4791,1715,1829,1830,1945,1846,1937,False
2844083,2008-02-18,BHM,LGA,OH,N938CA,5164,1730,1815,2110,2155,1850,2135,False
2844084,2008-02-18,BOS,LGA,DL,N908DE,1929,1730,1729,1842,1835,1744,1832,False
2844085,2008-02-18,LGA,BOS,DL,N915DE,1930,1730,1728,1853,1850,1743,1838,False
2844086,2008-02-18,DCA,LGA,DL,N913DE,1962,1730,1727,1853,1847,1752,1842,False
2844087,2008-02-18,LGA,DCA,DL,N911DE,1963,1730,9999,1851,9999,9999,9999,True
2844088,2008-02-18,LGA,DEN,F9,N901FR,511,1730,1855,1951,2106,1913,2055,False
2844089,2008-02-18,XNA,LGA,MQ,,4840,1730,9999,2159,9999,9999,9999,True
2844090,2008-02-18,CMH,LGA,MQ,N703MR,4918,1730,1730,1919,1955,1824,1942,False
2844091,2008-02-18,ORD,LGA,AA,N486AA,354,1735,1922,2050,2215,1933,2211,False
2844092,2008-02-18,PBI,LGA,B6,N637JB,364,1735,2028,2022,2319,2058,2311,False
2844093,2008-02-18,LGA,PHF,FL,N933AT,915,1739,1956,1858,2125,2015,2121,False
2844094,2008-02-18,DCA,LGA,MQ,N706RG,4792,1740,1920,1900,2035,1945,2027,False
2844095,2008-02-18,ATL,LGA,FL,N943AT,372,1743,2055,2001,2259,2105,2251,False
2844096,2008-02-18,PHF,LGA,FL,N892AT,644,1744,1949,1855,2119,2007,2104,False
2844097,2008-02-18,IAH,LGA,CO,N14337,1632,1745,1942,2228,1,2013,2354,False
2844098,2008-02-18,ATL,LGA,DL,N915DL,524,1745,1817,2012,2025,1841,2016,False
2844099,2008-02-18,LGA,CVG,DL,N972DL,1022,1745,1823,2010,2036,1841,2030,False
2844100,2008-02-18,DFW,LGA,AA,N534AA,750,1750,1935,2220,2328,1949,2321,False
2844101,2008-02-18,CHS,LGA,OH,N999CA,5138,1750,9999,2004,9999,9999,9999,True
2844102,2008-02-18,LGA,MSP,AA,,1191,1755,9999,2015,9999,9999,9999,True
2844103,2008-02-18,CLT,LGA,OH,N783CA,5536,1755,2105,1954,2254,2120,2246,False
2844104,2008-02-18,LGA,DSM,MQ,N717AE,4822,1755,1840,2015,2029,1854,2025,False
2844105,2008-02-18,IAD,LGA,YV,N516LR,7073,1755,2220,1925,2335,2240,2329,False
2844106,2008-02-18,LGA,DTW,NW,N369NW,529,1758,1836,2004,2024,1853,2015,False
2844107,2008-02-18,LGA,MCO,AA,N473AA,1329,1759,1942,2049,2234,2000,2230,False
2844108,2008-02-18,LGA,CLT,OH,N783CA,5594,1759,1825,2023,2040,1846,2029,False
2844109,2008-02-18,LGA,ATL,DL,N750AT,525,1759,1847,2049,2140,1916,2126,False
2844110,2008-02-18,LGA,MSP,NW,N352NB,1275,1759,1806,2008,1946,1820,1939,False
2844111,2008-02-18,FLL,LGA,B6,N598JB,378,1800,2137,2100,12,2151,2359,False
2844112,2008-02-18,LGA,CLE,CO,N14335,1651,1800,1923,1946,2059,1939,2054,False
2844113,2008-02-18,LGA,ORD,UA,N342UA,691,1800,2022,1947,2225,2126,2222,False
2844114,2008-02-18,ORD,LGA,UA,N592UA,836,1800,1952,2115,2315,2025,2309,False
2844115,2008-02-18,BOS,LGA,US,N742PS,2139,1800,1847,1915,2000,1901,1953,False
2844116,2008-02-18,DCA,LGA,US,N700UW,2182,1800,1912,1923,2020,1929,2012,False
2844117,2008-02-18,LGA,BOS,US,N754UW,2138,1800,1753,1914,1908,1806,1904,False
2844118,2008-02-18,LGA,DCA,US,N756US,2185,1800,1835,1921,1954,1903,1951,False
2844119,2008-02-18,RDU,LGA,MQ,N700LE,4735,1800,1904,1940,2035,1917,2019,False
2844120,2008-02-18,BOS,LGA,MQ,N739AE,4806,1800,1923,1920,2033,1944,2029,False
2844121,2008-02-18,CLT,LGA,MQ,N729AE,4900,1800,1943,2000,2157,2023,2145,False
2844122,2008-02-18,IND,LGA,9E,89809E,4779,1805,1826,2040,2130,1930,2112,False
2844123,2008-02-18,RIC,LGA,OH,N804CA,5266,1806,1806,1930,1939,1837,1923,False
2844124,2008-02-18,LGA,ORD,AA,N458AA,347,1815,1845,1932,2127,1916,2116,False
2844125,2008-02-18,ORD,LGA,AA,N590AA,350,1815,1936,2129,2239,1946,2224,False
2844126,2008-02-18,CLT,LGA,US,N112US,1630,1815,1820,2006,2033,1912,2023,False
2844127,2008-02-18,LGA,BOS,MQ,N829AE,4815,1815,1843,1930,1941,1857,1937,False
2844128,2008-02-18,SAV,LGA,OH,N973CA,5558,1817,1922,2034,2120,1932,2055,False
2844129,2008-02-18,TYS,LGA,OH,N784CA,5484,1825,1900,2037,2117,1920,2058,False
2844130,2008-02-18,TPA,LGA,FL,N316AT,208,1825,2117,2100,2345,2139,2339,False
2844131,2008-02-18,CLE,LGA,MQ,,4888,1825,9999,2010,9999,9999,9999,True
2844132,2008-02-18,LGA,CLT,MQ,N824AE,4897,1825,1901,2030,2114,1918,2104,False
2844133,2008-02-18,MEM,LGA,NW,N360NB,296,1827,1903,2159,2246,1924,2238,False
2844134,2008-02-18,LGA,GRR,9E,80219E,4751,1829,1951,2050,2211,2024,2200,False
2844135,2008-02-18,DEN,LGA,UA,N430UA,408,1829,1912,2359,34,1926,31,False
2844136,2008-02-18,LGA,MCO,DL,N940DL,1847,1829,1841,2136,2219,1922,2211,False
2844137,2008-02-18,DFW,LGA,AA,N425AA,762,1830,1834,2245,2238,1853,2228,False
2844138,2008-02-18,DCA,LGA,DL,N914DE,1964,1830,1843,1944,1951,1901,1946,False
2844139,2008-02-18,LGA,DCA,DL,N912DE,1965,1830,1828,1950,1943,1849,1939,False
2844140,2008-02-18,LGA,CMH,MQ,N817AE,4855,1830,1918,2030,2107,1932,2102,False
2844141,2008-02-18,LGA,FNT,MQ,N716AE,4860,1835,2001,2040,2144,2018,2140,False
2844142,2008-02-18,LGA,DFW,AA,N5FAAA,785,1840,2031,2140,2350,2108,2340,False
2844143,2008-02-18,LGA,TPA,DL,N964DL,1850,1840,1846,2153,2209,1908,2205,False
2844144,2008-02-18,ATL,LGA,DL,N672DL,526,1845,1919,2108,2129,1939,2119,False
2844145,2008-02-18,TPA,LGA,DL,N379DA,1892,1845,1947,2128,2225,2005,2202,False
2844146,2008-02-18,IAH,LGA,CO,N11206,732,1848,1956,2309,11,2029,4,False
2844147,2008-02-18,MSP,LGA,AA,N414AA,1192,1850,1847,2235,2314,1936,2300,False
2844148,2008-02-18,LGA,BNA,AA,N4WYAA,1551,1850,2134,2025,2314,2149,2308,False
2844149,2008-02-18,LGA,MCO,FL,N308AT,352,1850,2133,2144,34,2146,29,False
2844150,2008-02-18,LGA,MEM,MQ,N703MR,4923,1850,2015,2050,2247,2035,2231,False
2844151,2008-02-18,STL,LGA,AA,N244AA,1060,1855,1853,2215,2205,1910,2201,False
2844152,2008-02-18,LGA,MIA,AA,N3DHAA,1831,1855,2002,2205,2331,2033,2327,False
2844153,2008-02-18,LGA,RIC,OH,N590SW,5268,1855,2150,2036,2336,2228,2322,False
2844154,2008-02-18,LGA,CLT,US,N124US,1935,1855,1855,2105,2109,1911,2051,False
2844155,2008-02-18,MCO,LGA,DL,N663DN,1198,1855,1956,2130,2233,2021,2222,False
2844156,2008-02-18,CAE,LGA,EV,N857AS,4686,1855,2148,2050,2344,2157,2320,False
2844157,2008-02-18,LGA,RDU,MQ,N855AE,4736,1855,2014,2040,2218,2047,2215,False
2844158,2008-02-18,DCA,LGA,MQ,N702AE,4794,1855,2011,2015,2131,2032,2121,False
2844159,2008-02-18,MSP,LGA,NW,N521US,780,1858,1943,2237,2340,2016,2331,False
2844160,2008-02-18,LGA,IAH,CO,N33264,233,1859,2039,2157,2357,2115,2351,False
2844161,2008-02-18,LGA,IND,NW,N987US,669,1859,2010,2133,2241,2031,2224,False
2844162,2008-02-18,MIA,LGA,AA,N5BTAA,1876,1900,2025,2200,2301,2035,2256,False
2844163,2008-02-18,LGA,ORD,UA,N404UA,693,1900,2124,2044,2252,2150,2247,False
2844164,2008-02-18,ORD,LGA,UA,N365UA,850,1900,2057,2209,18,2132,13,False
2844165,2008-02-18,BOS,LGA,US,N704US,2141,1900,1920,2022,2040,1946,2032,False
2844166,2008-02-18,DCA,LGA,US,N751UW,2184,1900,1925,2014,2100,1954,2041,False
2844167,2008-02-18,LGA,BOS,US,N748UW,2140,1900,1851,2016,1950,1900,1947,False
2844168,2008-02-18,LGA,DCA,US,N744P,2187,1900,1855,2020,2004,1905,2001,False
2844169,2008-02-18,LGA,ATL,DL,N601DL,527,1900,1922,2142,2207,1947,2156,False
2844170,2008-02-18,DTW,LGA,MQ,N734EK,4861,1900,2004,2045,2148,2017,2136,False
2844171,2008-02-18,MCO,LGA,B6,N535JB,396,1905,2153,2154,27,2220,19,False
2844172,2008-02-18,CLE,LGA,CO,N59630,1050,1905,2142,2059,2324,2202,2318,False
2844173,2008-02-18,PBI,LGA,DL,N973DL,1822,1911,1944,2200,2225,1957,2215,False
2844174,2008-02-18,RDU,LGA,OH,N447CA,5350,1912,2113,2100,2312,2140,2250,False
2844175,2008-02-18,LGA,TPA,AA,N442AA,543,1915,2214,2215,125,2232,121,False
2844176,2008-02-18,LGA,GSO,OH,N487CA,5570,1915,1950,2125,2133,1959,2130,False
2844177,2008-02-18,LGA,XNA,MQ,N708AE,4913,1920,2030,2200,2338,2111,2333,False
2844178,2008-02-18,LGA,ATL,AA,N283AA,1297,1925,2052,2200,14,2119,2335,False
2844179,2008-02-18,ATL,LGA,AA,N292AA,2394,1925,2215,2145,17,2237,15,False
2844180,2008-02-18,LGA,IAD,UA,N466UA,847,1925,1946,2052,2107,2006,2100,False
2844181,2008-02-18,RSW,LGA,DL,N903DE,1210,1925,2033,2217,2327,2052,2313,False
2844182,2008-02-18,DTW,LGA,NW,N756NW,538,1928,2102,2120,2301,2121,2250,False
2844183,2008-02-18,LGA,ORD,AA,,353,1929,9999,2109,9999,9999,9999,True
2844184,2008-02-18,LGA,FNT,9E,,3752,1930,9999,2145,9999,9999,9999,True
2844185,2008-02-18,ORD,LGA,AA,N4WTAA,346,1930,2040,2240,2351,2059,2342,False
2844186,2008-02-18,LGA,FLL,DL,N947DL,1885,1930,2300,2246,203,2312,156,False
2844187,2008-02-18,LGA,ATL,FL,N892AT,357,1930,2147,2200,12,2158,7,False
2844188,2008-02-18,CVG,LGA,MQ,,4817,1930,9999,2135,9999,9999,9999,True
2844189,2008-02-18,CVG,LGA,DL,N947DL,940,1935,2021,2141,2216,2041,2206,False
2844190,2008-02-18,LGA,GSP,OH,N446CA,5417,1940,2000,2204,2225,2027,2217,False
2844191,2008-02-18,RDU,LGA,MQ,N730KW,4745,1940,1952,2120,2118,2006,2113,False
2844192,2008-02-18,LGA,DCA,MQ,N706RG,4793,1940,2056,2055,2222,2133,2220,False
2844193,2008-02-18,LGA,STL,AA,,2019,1945,9999,2135,9999,9999,9999,True
2844194,2008-02-18,JAX,LGA,OH,N374CA,5584,1945,2135,2212,5,2149,2333,False
2844195,2008-02-18,ATL,LGA,DL,N656DL,528,1945,1941,2205,2157,2004,2143,False
2844196,2008-02-18,LGA,RDU,OH,N797CA,5649,1950,2035,2149,2250,2113,2230,False
2844197,2008-02-18,DFW,LGA,AA,N3DJAA,766,1955,2102,2359,54,2117,50,False
2844198,2008-02-18,LGA,ORD,UA,N325UA,695,1955,2155,2137,2315,2218,2310,False
2844199,2008-02-18,FLL,LGA,DL,N934DL,1672,1955,2038,2252,2340,2100,2319,False
2844200,2008-02-18,LGA,PBI,DL,N904DE,1841,1955,2051,2300,14,2125,9,False
2844201,2008-02-18,LGA,DTW,NW,N553NW,527,1959,2154,2204,2345,2213,2334,False
2844202,2008-02-18,LGA,ORD,AA,N262AA,363,2000,2158,2135,2312,2211,2304,False
2844203,2008-02-18,BNA,LGA,AA,N431AA,1684,2000,2021,2305,2314,2032,2306,False
2844204,2008-02-18,BOS,LGA,US,N754UW,2143,2000,2002,2122,2139,2017,2129,False
2844205,2008-02-18,CLT,LGA,US,N755US,1624,2000,2003,2152,2158,2035,2148,False
2844206,2008-02-18,DCA,LGA,US,N756US,2186,2000,2022,2116,2130,2038,2124,False
2844207,2008-02-18,LGA,BOS,US,N742PS,2142,2000,2024,2114,2128,2043,2124,False
2844208,2008-02-18,LGA,DCA,US,N700UW,2189,2000,2038,2122,2150,2102,2148,False
2844209,2008-02-18,LGA,ATL,DL,N915DL,529,2000,2122,2241,7,2142,2400,False
2844210,2008-02-18,ATL,LGA,FL,N167AT,399,2000,2200,2210,13,2224,2357,False
2844211,2008-02-18,LGA,SDF,MQ,N725AE,4830,2000,2022,2225,2259,2043,2249,False
2844212,2008-02-18,TPA,LGA,AA,N429AA,1282,2010,2045,2250,2311,2054,2258,False
2844213,2008-02-18,FLL,LGA,B6,N503JB,382,2010,2330,2258,154,2340,150,False
2844214,2008-02-18,LGA,IAH,CO,N27734,833,2010,2148,2309,43,2159,37,False
2844215,2008-02-18,LGA,MIA,AA,N3BAAA,1709,2020,2156,2330,115,2216,107,False
2844216,2008-02-18,LGA,CLE,MQ,N700LE,4891,2020,2102,2205,2257,2136,2250,False
2844217,2008-02-18,LGA,MSP,NW,N522US,519,2025,2147,2234,2329,2202,2323,False
2844218,2008-02-18,LGA,CHS,OH,N804CA,5394,2030,2020,2255,2258,2053,2249,False
2844219,2008-02-18,BOS,LGA,DL,N915DE,1935,2030,2028,2142,2143,2054,2139,False
2844220,2008-02-18,LGA,BOS,DL,N908DE,1936,2030,2030,2144,2143,2056,2137,False
2844221,2008-02-18,DCA,LGA,DL,N912DE,1968,2030,2026,2148,2152,2102,2147,False
2844222,2008-02-18,LGA,DCA,DL,N914DE,1969,2030,2028,2145,2147,2050,2137,False
2844223,2008-02-18,LGA,ATL,FL,N893AT,373,2036,2230,2306,103,2240,58,False
2844224,2008-02-18,MCO,LGA,AA,N426AA,1832,2040,2126,2315,2400,2147,2348,False
2844225,2008-02-18,LGA,JAX,OH,N783CA,5678,2040,2350,2327,230,10,225,False
2844226,2008-02-18,LGA,DTW,MQ,N729AE,4832,2040,2223,2245,14,2238,3,False
2844227,2008-02-18,ORD,LGA,UA,N821UA,692,2045,2134,2345,27,2147,22,False
2844228,2008-02-18,ATL,LGA,DL,N631DL,530,2045,2107,2304,2314,2129,2303,False
2844229,2008-02-18,LGA,DFW,AA,N3AHAA,791,2050,2303,2340,209,2326,201,False
2844230,2008-02-18,IAH,LGA,CO,N17344,1432,2100,2132,118,114,2146,110,False
2844231,2008-02-18,LGA,CVG,OH,N999CA,5166,2100,9999,2320,9999,9999,9999,True
2844232,2008-02-18,DCA,LGA,US,N744P,2188,2100,2112,2209,2232,2140,2225,False
2844233,2008-02-18,LGA,BOS,US,N704US,2144,2100,2106,2212,2216,2134,2212,False
2844234,2008-02-18,LGA,DCA,US,N751UW,2191,2100,2131,2216,2232,2144,2227,False
2844235,2008-02-18,LGA,ATL,DL,N918DE,531,2100,2200,2333,50,2224,45,False
2844236,2008-02-18,LGA,BOS,MQ,N702AE,4809,2100,2156,2205,2256,2211,2252,False
2844237,2008-02-18,LGA,CMH,MQ,N840AE,4879,2100,2055,2250,2252,2122,2248,False
2844238,2008-02-18,LGA,PBI,B6,N637JB,369,2105,2356,2351,305,16,255,False
2844239,2008-02-18,MIA,LGA,AA,N3BNAA,1226,2110,2135,2359,9,2149,6,False
2844240,2008-02-18,LGA,MSN,9E,89809E,2898,2120,2152,2259,2327,2219,2321,False
2844241,2008-02-18,LGA,SAV,OH,N938CA,5014,2120,10,2346,240,20,235,False
2844242,2008-02-18,ATL,LGA,FL,N184AT,358,2120,2212,2331,33,2235,10,False
2844243,2008-02-18,LGA,ORD,AA,N576AA,371,2125,2231,2255,2358,2247,2347,False
2844244,2008-02-18,LGA,LEX,OH,N784CA,5357,2125,2200,2335,13,2222,10,False
2844245,2008-02-18,DTW,LGA,NW,N369NW,342,2127,2215,2305,25,2300,17,False
2844246,2008-02-18,ORD,LGA,AA,N5DTAA,336,2135,2357,30,245,13,241,False
2844247,2008-02-18,LGA,CAE,EV,N857AS,4775,2135,26,2338,234,28,222,False
2844248,2008-02-18,LGA,DEN,F9,N915FR,513,2140,2304,2359,117,2324,110,False
2844249,2008-02-18,LGA,FLL,B6,N598JB,383,2145,48,35,357,100,347,False
2844250,2008-02-18,LGA,TYS,OH,N447CA,4948,2145,2345,4,158,2357,155,False
2844251,2008-02-18,ATL,LGA,DL,N669DN,532,2145,2145,2359,46,2217,2345,False
2844252,2008-02-18,CLT,LGA,US,N181UW,1532,2159,2213,2347,2344,2225,2337,False
