index,FlightDate,Origin,Dest,Reporting_Airline,Tail_Number,Flight_Number_Reporting_Airline,CRSDepTime,DepTime,CRSArrTime,ArrTime,WheelsOff,WheelsOn,CarrierDelay,WeatherDelay,NASDelay,SecurityDelay,LateAircraftDelay,Cancelled,Diverted,CancellationCode
3469164,2019-03-05,PHL,LGA,AA,N951UW,698,517,508,615,554,525,548,0,0,0,0,0,False,False,Z
3469165,2019-03-05,LGA,DFW,AA,N899NN,1597,530,526,834,827,542,814,0,0,0,0,0,False,False,Z
3469166,2019-03-05,RIC,LGA,MQ,N827AE,3832,531,531,659,640,542,623,0,0,0,0,0,False,False,Z
3469167,2019-03-05,LGA,IAH,UA,N33203,657,545,537,844,841,547,835,0,0,0,0,0,False,False,Z
3469168,2019-03-05,BUF,LGA,9E,N937XJ,3301,545,535,720,641,548,638,0,0,0,0,0,False,False,Z
3469169,2019-03-05,RDU,LGA,MQ,N816AE,3469,546,542,729,730,627,724,0,0,0,0,0,False,False,Z
3469170,2019-03-05,PIT,LGA,MQ,N810AE,3425,549,542,724,718,620,711,0,0,0,0,0,False,False,Z
3469171,2019-03-05,ORD,LGA,NK,N603NK,224,550,547,900,905,620,853,0,0,0,0,0,False,False,Z
3469172,2019-03-05,MIA,LGA,YX,N404YX,4563,552,549,900,854,617,842,0,0,0,0,0,False,False,Z
3469173,2019-03-05,ORF,LGA,MQ,N842AE,3634,554,549,724,704,603,650,0,0,0,0,0,False,False,Z
3469174,2019-03-05,LGA,MIA,AA,N324RA,2549,555,550,905,916,618,912,0,0,0,0,0,False,False,Z
3469175,2019-03-05,LGA,CMH,YX,N442YX,4645,556,546,748,744,604,734,0,0,0,0,0,False,False,Z
3469176,2019-03-05,LGA,PHL,AA,N945UW,1934,559,552,701,655,616,651,0,0,0,0,0,False,False,Z
3469177,2019-03-05,BOS,LGA,AA,N944UW,2137,600,555,726,714,614,704,0,0,0,0,0,False,False,Z
3469178,2019-03-05,LGA,BOS,AA,N760US,2154,600,556,709,702,619,656,0,0,0,0,0,False,False,Z
3469179,2019-03-05,CLT,LGA,AA,N711UW,1746,600,552,751,721,606,715,0,0,0,0,0,False,False,Z
3469180,2019-03-05,ORD,LGA,AA,N887NN,25,600,554,910,907,627,900,0,0,0,0,0,False,False,Z
3469181,2019-03-05,LGA,DTW,DL,N340NW,848,600,548,759,741,606,734,0,0,0,0,0,False,False,Z
3469182,2019-03-05,ATL,LGA,DL,N320US,2788,600,555,810,744,611,738,0,0,0,0,0,False,False,Z
3469183,2019-03-05,LGA,ATL,DL,N349DX,2962,600,557,831,819,611,814,0,0,0,0,0,False,False,Z
3469184,2019-03-05,RDU,LGA,OO,N268SY,3611,600,554,747,708,607,703,0,0,0,0,0,False,False,Z
3469185,2019-03-05,SYR,LGA,OO,N265SY,3748,600,553,719,704,612,658,0,0,0,0,0,False,False,Z
3469186,2019-03-05,GSO,LGA,OO,N269SY,3755,600,554,743,715,610,709,0,0,0,0,0,False,False,Z
3469187,2019-03-05,MEM,LGA,OO,N275SY,4210,600,615,945,934,629,922,0,0,0,0,0,False,False,Z
3469188,2019-03-05,ORD,LGA,UA,N824UA,1172,600,554,905,845,608,840,0,0,0,0,0,False,False,Z
3469189,2019-03-05,LGA,DEN,UA,N14231,1137,600,552,830,825,625,820,0,0,0,0,0,False,False,Z
3469190,2019-03-05,LGA,ORD,UA,N76516,761,600,550,725,702,602,700,0,0,0,0,0,False,False,Z
3469191,2019-03-05,LGA,DCA,YX,N116HQ,4315,600,554,722,732,634,725,0,0,0,0,0,False,False,Z
3469192,2019-03-05,DCA,LGA,YX,N112HQ,4331,600,554,722,707,615,655,0,0,0,0,0,False,False,Z
3469193,2019-03-05,DCA,LGA,YX,N882RW,5918,600,556,659,656,611,647,0,0,0,0,0,False,False,Z
3469194,2019-03-05,LGA,DCA,YX,N215JQ,5934,600,605,716,715,622,712,0,0,0,0,0,False,False,Z
3469195,2019-03-05,ROC,LGA,YX,N875RW,5973,600,552,724,716,618,707,0,0,0,0,0,False,False,Z
3469196,2019-03-05,GRR,LGA,YX,N211JQ,5992,600,554,759,824,651,817,0,0,25,0,0,False,False,Z
3469197,2019-03-05,LGA,BOS,YX,N860RW,6003,600,556,717,707,614,648,0,0,0,0,0,False,False,Z
3469198,2019-03-05,IAH,LGA,YX,N870RW,6015,600,555,1037,1003,606,949,0,0,0,0,0,False,False,Z
3469199,2019-03-05,CHS,LGA,YX,N203JQ,6037,600,547,759,727,605,721,0,0,0,0,0,False,False,Z
3469200,2019-03-05,MSN,LGA,YX,N867RW,6056,600,552,915,853,605,844,0,0,0,0,0,False,False,Z
3469201,2019-03-05,LGA,DFW,YX,N206JQ,6098,600,556,906,950,623,936,0,0,44,0,0,False,False,Z
3469202,2019-03-05,BOS,LGA,YX,N216JQ,6103,600,557,724,722,627,716,0,0,0,0,0,False,False,Z
3469203,2019-03-05,PIT,LGA,9E,N297PQ,3366,600,548,738,708,613,702,0,0,0,0,0,False,False,Z
3469204,2019-03-05,MCI,LGA,9E,N600LR,3444,600,812,1000,1146,826,1141,106,0,0,0,0,False,False,Z
3469205,2019-03-05,MHT,LGA,9E,N311PQ,3477,600,551,725,717,625,712,0,0,0,0,0,False,False,Z
3469206,2019-03-05,ORF,LGA,9E,N695CA,5291,600,548,731,650,601,645,0,0,0,0,0,False,False,Z
3469207,2019-03-05,CLE,LGA,9E,N295PQ,5424,600,555,743,724,619,719,0,0,0,0,0,False,False,Z
3469208,2019-03-05,OMA,LGA,9E,N314PQ,5260,600,556,1003,928,610,921,0,0,0,0,0,False,False,Z
3469209,2019-03-05,LGA,ATL,WN,N407WN,1335,600,556,840,818,609,812,0,0,0,0,0,False,False,Z
3469210,2019-03-05,LGA,MDW,WN,N773SA,609,600,555,730,712,608,707,0,0,0,0,0,False,False,Z
3469211,2019-03-05,MDW,LGA,WN,N7876A,3725,600,613,905,935,634,907,13,0,17,0,0,False,False,Z
3469212,2019-03-05,MKE,LGA,WN,N234WN,2166,600,559,910,933,640,916,0,0,23,0,0,False,False,Z
3469213,2019-03-05,TPA,LGA,WN,N488WN,1494,600,557,840,817,605,811,0,0,0,0,0,False,False,Z
3469214,2019-03-05,ATL,LGA,WN,N8717M,2296,600,557,805,749,614,743,0,0,0,0,0,False,False,Z
3469215,2019-03-05,DAL,LGA,WN,N953WN,3495,600,614,1010,1019,627,1010,0,0,0,0,0,False,False,Z
3469216,2019-03-05,LGA,FLL,B6,N358JB,371,600,604,859,910,621,905,0,0,0,0,0,False,False,Z
3469217,2019-03-05,DTW,LGA,NK,N644NK,316,600,556,741,731,608,713,0,0,0,0,0,False,False,Z
3469218,2019-03-05,LGA,IAD,YV,N88330,6052,600,550,716,713,612,708,0,0,0,0,0,False,False,Z
3469219,2019-03-05,BHM,LGA,OO,N284SY,3839,602,601,930,908,618,902,0,0,0,0,0,False,False,Z
3469220,2019-03-05,LGA,IAH,OO,N282SY,3886,602,558,912,912,615,904,0,0,0,0,0,False,False,Z
3469221,2019-03-05,LGA,MSP,DL,N327NW,1981,603,559,815,755,617,749,0,0,0,0,0,False,False,Z
3469222,2019-03-05,MCO,LGA,DL,N330DX,1153,605,600,846,821,614,812,0,0,0,0,0,False,False,Z
3469223,2019-03-05,RIC,LGA,OO,N292SY,3844,605,556,731,656,609,652,0,0,0,0,0,False,False,Z
3469224,2019-03-05,CLE,LGA,EV,N14905,4225,605,559,800,738,626,728,0,0,0,0,0,False,False,Z
3469225,2019-03-05,STL,LGA,9E,N927XJ,3382,605,559,933,911,614,903,0,0,0,0,0,False,False,Z
3469226,2019-03-05,CHO,LGA,9E,N8694A,5390,605,555,730,706,610,657,0,0,0,0,0,False,False,Z
3469227,2019-03-05,MCI,LGA,WN,N241WN,951,605,622,950,954,635,946,0,0,0,0,0,False,False,Z
3469228,2019-03-05,FLL,LGA,B6,N637JB,272,607,9999,859,9999,9999,9999,9999,9999,9999,9999,9999,True,False,B
3469229,2019-03-05,TYS,LGA,YX,N424YX,4359,608,559,814,745,611,730,0,0,0,0,0,False,False,Z
3469230,2019-03-05,CLE,LGA,MQ,N854AE,3925,609,610,759,742,636,737,0,0,0,0,0,False,False,Z
3469231,2019-03-05,MSY,LGA,DL,N335NB,623,610,610,1004,951,620,932,0,0,0,0,0,False,False,Z
3469232,2019-03-05,CMH,LGA,YX,N818MD,6130,610,610,753,740,627,733,0,0,0,0,0,False,False,Z
3469233,2019-03-05,CHA,LGA,9E,N607LR,5465,610,606,819,803,619,750,0,0,0,0,0,False,False,Z
3469234,2019-03-05,CAK,LGA,OH,N248PS,5598,613,609,754,747,640,741,0,0,0,0,0,False,False,Z
3469235,2019-03-05,LGA,CLT,AA,N169UW,628,615,607,818,828,629,814,0,0,0,0,0,False,False,Z
3469236,2019-03-05,LGA,ORD,OO,N263SY,3710,615,615,757,740,630,733,0,0,0,0,0,False,False,Z
3469237,2019-03-05,LGA,CVG,9E,N906XJ,3446,615,605,827,819,626,813,0,0,0,0,0,False,False,Z
3469238,2019-03-05,IND,LGA,YX,N202JQ,6012,616,615,820,826,644,814,0,0,0,0,0,False,False,Z
3469239,2019-03-05,SAV,LGA,OO,N264SY,3725,618,614,829,809,628,801,0,0,0,0,0,False,False,Z
3469240,2019-03-05,ATL,LGA,F9,N335FR,1510,621,626,839,856,654,827,5,0,12,0,0,False,False,Z
3469241,2019-03-05,SDF,LGA,YX,N210JQ,5894,623,617,840,822,629,808,0,0,0,0,0,False,False,Z
3469242,2019-03-05,LEX,LGA,9E,N315PQ,3472,623,618,829,845,714,835,0,0,16,0,0,False,False,Z
3469243,2019-03-05,BTV,LGA,9E,N604LR,5132,623,617,755,732,634,725,0,0,0,0,0,False,False,Z
3469244,2019-03-05,LGA,ATL,YX,N422YX,4527,625,619,902,907,651,858,0,0,0,0,0,False,False,Z
3469245,2019-03-05,LGA,HOU,WN,N926WN,1558,625,620,940,914,631,910,0,0,0,0,0,False,False,Z
3469246,2019-03-05,MCO,LGA,B6,N592JB,198,625,618,859,833,636,830,0,0,0,0,0,False,False,Z
3469247,2019-03-05,LGA,MCO,AA,N927NN,2645,629,622,922,951,700,939,0,0,29,0,0,False,False,Z
3469248,2019-03-05,LGA,PWM,MQ,N850AE,3549,629,622,740,734,639,725,0,0,0,0,0,False,False,Z
3469249,2019-03-05,CMH,LGA,MQ,N808AE,3616,629,623,821,804,634,752,0,0,0,0,0,False,False,Z
3469250,2019-03-05,LGA,RDU,MQ,N821AE,3803,629,623,815,821,653,816,0,0,0,0,0,False,False,Z
3469251,2019-03-05,BOS,LGA,AA,N967UW,2165,630,625,755,745,644,731,0,0,0,0,0,False,False,Z
3469252,2019-03-05,LGA,DFW,AA,N991AU,2632,630,629,936,950,648,937,0,0,0,0,0,False,False,Z
3469253,2019-03-05,LGA,ORD,AA,N161AA,2477,630,623,811,752,643,743,0,0,0,0,0,False,False,Z
3469254,2019-03-05,ORD,LGA,AA,N981AN,2486,630,621,940,928,650,923,0,0,0,0,0,False,False,Z
3469255,2019-03-05,BOS,LGA,DL,N317US,1715,630,631,759,741,648,735,0,0,0,0,0,False,False,Z
3469256,2019-03-05,LGA,BNA,OO,N262SY,3554,630,624,802,756,642,750,0,0,0,0,0,False,False,Z
3469257,2019-03-05,ORD,LGA,OO,N272SY,3767,630,827,940,1155,900,1134,117,0,18,0,0,False,False,Z
3469258,2019-03-05,LGA,CLT,YX,N205JQ,6114,630,628,844,856,707,850,0,0,0,0,0,False,False,Z
3469259,2019-03-05,LGA,RDU,9E,N137EV,5018,630,619,815,816,646,809,0,0,0,0,0,False,False,Z
3469260,2019-03-05,LGA,BNA,WN,N422WN,1941,630,629,810,747,644,742,0,0,0,0,0,False,False,Z
3469261,2019-03-05,LGA,BOS,B6,N323JB,1432,630,622,740,712,633,709,0,0,0,0,0,False,False,Z
3469262,2019-03-05,LGA,FLL,NK,N665NK,705,630,622,937,934,640,929,0,0,0,0,0,False,False,Z
3469263,2019-03-05,GSP,LGA,YX,N810MD,6055,635,626,842,803,637,757,0,0,0,0,0,False,False,Z
3469264,2019-03-05,HOU,LGA,WN,N967WN,1255,635,630,1055,1036,642,1023,0,0,0,0,0,False,False,Z
3469265,2019-03-05,DTW,LGA,YX,N414YX,4447,638,634,829,805,646,758,0,0,0,0,0,False,False,Z
3469266,2019-03-05,DFW,LGA,AA,N885NN,1330,639,806,1103,1207,820,1200,64,0,0,0,0,False,False,Z
3469267,2019-03-05,CAE,LGA,9E,N935XJ,5349,640,633,847,822,646,806,0,0,0,0,0,False,False,Z
3469268,2019-03-05,LGA,CLE,9E,N914XJ,5505,640,636,828,820,658,813,0,0,0,0,0,False,False,Z
3469269,2019-03-05,ILM,LGA,MQ,N852AE,3780,642,634,830,816,650,804,0,0,0,0,0,False,False,Z
3469270,2019-03-05,ATL,LGA,DL,N365DN,2923,645,642,900,844,658,832,0,0,0,0,0,False,False,Z
3469271,2019-03-05,CVG,LGA,9E,N153PQ,3457,645,640,849,829,700,822,0,0,0,0,0,False,False,Z
3469272,2019-03-05,BNA,LGA,WN,N7865A,445,645,645,950,951,705,943,0,0,0,0,0,False,False,Z
3469273,2019-03-05,LGA,MIA,AA,N924AN,2510,650,642,1002,1011,705,1003,0,0,0,0,0,False,False,Z
3469274,2019-03-05,MSP,LGA,DL,N356NW,1972,650,649,1035,1036,710,1016,0,0,0,0,0,False,False,Z
3469275,2019-03-05,MIA,LGA,DL,N348DN,2511,650,648,1001,934,710,925,0,0,0,0,0,False,False,Z
3469276,2019-03-05,DAY,LGA,OH,N251PS,5691,650,646,852,827,655,819,0,0,0,0,0,False,False,Z
3469277,2019-03-05,BOS,LGA,DL,N102DU,2703,659,754,829,901,813,852,32,0,0,0,0,False,False,Z
3469278,2019-03-05,LGA,STL,YX,N444YX,4416,659,657,851,900,726,853,0,0,0,0,0,False,False,Z
3469279,2019-03-05,LGA,BNA,YX,N402YX,4650,659,652,837,843,725,838,0,0,0,0,0,False,False,Z
3469280,2019-03-05,LGA,DTW,MQ,N812AE,3374,659,646,900,852,708,838,0,0,0,0,0,False,False,Z
3469281,2019-03-05,BOS,LGA,AA,N953UW,2132,700,9999,825,9999,9999,9999,9999,9999,9999,9999,9999,True,False,A
3469282,2019-03-05,LGA,BOS,AA,N951UW,2152,700,654,810,752,713,747,0,0,0,0,0,False,False,Z
3469283,2019-03-05,MIA,LGA,AA,N336RU,1554,700,658,1010,946,718,941,0,0,0,0,0,False,False,Z
3469284,2019-03-05,ATL,LGA,AA,N958UW,1719,700,654,915,845,705,838,0,0,0,0,0,False,False,Z
3469285,2019-03-05,LGA,MCO,DL,N328DN,1457,700,657,950,1001,719,954,0,0,0,0,0,False,False,Z
3469286,2019-03-05,LGA,MIA,DL,N313DN,1803,700,654,1013,1013,714,1005,0,0,0,0,0,False,False,Z
3469287,2019-03-05,PBI,LGA,DL,N331NW,2358,700,658,953,936,708,918,0,0,0,0,0,False,False,Z
3469288,2019-03-05,LGA,ATL,DL,N359NW,2944,700,652,936,928,721,921,0,0,0,0,0,False,False,Z
3469289,2019-03-05,MKE,LGA,OO,N291SY,3740,700,712,1020,1029,723,1005,0,0,0,0,0,False,False,Z
3469290,2019-03-05,BNA,LGA,OO,N267SY,3917,700,650,1028,1009,720,1001,0,0,0,0,0,False,False,Z
3469291,2019-03-05,LGA,CLE,EV,N14158,4297,700,650,853,830,709,823,0,0,0,0,0,False,False,Z
3469292,2019-03-05,LGA,ORD,UA,N14704,628,700,707,837,850,744,838,0,0,0,0,0,False,False,Z
3469293,2019-03-05,DCA,LGA,YX,N411YX,4316,700,651,823,805,712,754,0,0,0,0,0,False,False,Z
3469294,2019-03-05,LGA,DCA,YX,N447YX,4325,700,654,826,809,717,804,0,0,0,0,0,False,False,Z
3469295,2019-03-05,PIT,LGA,YX,N434YX,4442,700,650,840,820,708,802,0,0,0,0,0,False,False,Z
3469296,2019-03-05,DFW,LGA,YX,N878RW,5919,700,703,1129,1108,717,1059,0,0,0,0,0,False,False,Z
3469297,2019-03-05,DCA,LGA,YX,N868RW,5923,700,659,823,803,715,755,0,0,0,0,0,False,False,Z
3469298,2019-03-05,LGA,DCA,YX,N869RW,5946,700,657,818,815,722,812,0,0,0,0,0,False,False,Z
3469299,2019-03-05,LGA,PIT,YX,N824MD,5961,700,652,838,842,729,838,0,0,0,0,0,False,False,Z
3469300,2019-03-05,LGA,BOS,YX,N208JQ,6117,700,655,820,817,727,800,0,0,0,0,0,False,False,Z
3469301,2019-03-05,ORD,LGA,YX,N858RW,3707,700,651,1013,956,714,948,0,0,0,0,0,False,False,Z
3469302,2019-03-05,RDU,LGA,9E,N197PQ,5205,700,651,853,826,712,816,0,0,0,0,0,False,False,Z
3469303,2019-03-05,LGA,DAL,WN,N7845A,1153,700,704,1005,1007,736,1005,0,0,0,0,0,False,False,Z
3469304,2019-03-05,BOS,LGA,B6,N187JB,631,700,651,821,752,707,749,0,0,0,0,0,False,False,Z
3469305,2019-03-05,LGA,MCO,B6,N627JB,1099,700,656,954,1018,732,1007,0,0,24,0,0,False,False,Z
3469306,2019-03-05,LGA,BUF,9E,N601LR,5263,704,658,834,836,729,832,0,0,0,0,0,False,False,Z
3469307,2019-03-05,IAH,LGA,YV,N85320,6285,705,705,1133,1118,720,1104,0,0,0,0,0,False,False,Z
3469308,2019-03-05,MSP,LGA,YX,N445YX,4493,706,656,1103,1048,734,1041,0,0,0,0,0,False,False,Z
3469309,2019-03-05,CMH,LGA,YX,N214JQ,6128,706,703,900,836,714,829,0,0,0,0,0,False,False,Z
3469310,2019-03-05,IND,LGA,YX,N419YX,4535,707,659,916,844,711,837,0,0,0,0,0,False,False,Z
3469311,2019-03-05,BNA,LGA,MQ,N818AE,3675,708,703,1030,1013,727,1003,0,0,0,0,0,False,False,Z
3469312,2019-03-05,LGA,DTW,DL,N354DN,869,710,701,907,914,734,904,0,0,0,0,0,False,False,Z
3469313,2019-03-05,FLL,LGA,DL,N362NW,1103,710,704,1011,939,717,930,0,0,0,0,0,False,False,Z
3469314,2019-03-05,DTW,LGA,DL,N322US,2964,710,715,902,908,742,856,0,0,0,0,0,False,False,Z
3469315,2019-03-05,DEN,LGA,WN,N7749B,1411,710,704,1245,1240,727,1230,0,0,0,0,0,False,False,Z
3469316,2019-03-05,LGA,ORD,DL,N989DN,1755,715,713,851,905,748,847,0,0,0,0,0,False,False,Z
3469317,2019-03-05,JAX,LGA,9E,N934XJ,5384,715,709,936,922,724,905,0,0,0,0,0,False,False,Z
3469318,2019-03-05,FLL,LGA,NK,N651NK,604,715,710,1018,1001,719,936,0,0,0,0,0,False,False,Z
3469319,2019-03-05,ORD,LGA,AA,N965AN,337,724,721,1034,1041,802,1035,0,0,0,0,0,False,False,Z
3469320,2019-03-05,CVG,LGA,MQ,N843AE,3938,724,749,930,937,803,929,0,0,0,0,0,False,False,Z
3469321,2019-03-05,LGA,MIA,AA,N314RH,1530,728,743,1049,1055,759,1044,0,0,0,0,0,False,False,Z
3469322,2019-03-05,ORD,LGA,DL,N910AT,618,730,725,1032,1036,751,1024,0,0,0,0,0,False,False,Z
3469323,2019-03-05,ATL,LGA,DL,N323DN,2933,730,740,947,937,755,926,0,0,0,0,0,False,False,Z
3469324,2019-03-05,ORD,LGA,UA,N469UA,427,730,725,1035,1023,744,1019,0,0,0,0,0,False,False,Z
3469325,2019-03-05,STL,LGA,YX,N124HQ,4371,730,721,1100,1035,735,1029,0,0,0,0,0,False,False,Z
3469326,2019-03-05,CLT,LGA,YX,N815MD,6118,730,724,936,924,747,859,0,0,0,0,0,False,False,Z
3469327,2019-03-05,LGA,PBI,B6,N633JB,461,730,720,1030,1037,747,1029,0,0,0,0,0,False,False,Z
3469328,2019-03-05,LGA,ORD,AA,N315PE,370,730,719,916,919,753,859,0,0,0,0,0,False,False,Z
3469329,2019-03-05,GSO,LGA,MQ,N806AE,3931,732,757,919,930,809,914,0,0,0,0,0,False,False,Z
3469330,2019-03-05,DFW,LGA,AA,N995AN,1263,735,734,1159,1150,808,1144,0,0,0,0,0,False,False,Z
3469331,2019-03-05,LGA,STL,WN,N431WN,1486,735,727,935,917,749,912,0,0,0,0,0,False,False,Z
3469332,2019-03-05,DSM,LGA,9E,N348PQ,5503,740,731,1121,1055,747,1048,0,0,0,0,0,False,False,Z
3469333,2019-03-05,LGA,MSP,DL,N343DN,1989,745,741,957,930,756,924,0,0,0,0,0,False,False,Z
3469334,2019-03-05,LGA,DFW,DL,N103DU,2952,745,740,1049,1059,809,1045,0,0,0,0,0,False,False,Z
3469335,2019-03-05,LGA,CLT,9E,N336PQ,5301,745,742,1001,936,754,929,0,0,0,0,0,False,False,Z
3469336,2019-03-05,BGR,LGA,9E,N8974C,5398,745,740,932,927,801,913,0,0,0,0,0,False,False,Z
3469337,2019-03-05,LGA,RIC,MQ,N842AE,3776,745,744,917,914,806,908,0,0,0,0,0,False,False,Z
3469338,2019-03-05,RDU,LGA,MQ,N817AE,4050,748,742,933,857,755,855,0,0,0,0,0,False,False,Z
3469339,2019-03-05,MCO,LGA,DL,N339DN,1583,750,744,1033,1007,800,954,0,0,0,0,0,False,False,Z
3469340,2019-03-05,LGA,IAH,UA,N27733,2098,750,745,1049,1037,758,1029,0,0,0,0,0,False,False,Z
3469341,2019-03-05,RIC,LGA,MQ,N856AE,3919,752,741,930,850,801,846,0,0,0,0,0,False,False,Z
3469342,2019-03-05,DEN,LGA,UA,N464UA,347,754,747,1326,1309,804,1305,0,0,0,0,0,False,False,Z
3469343,2019-03-05,LGA,CLT,AA,N157UW,1782,755,747,1005,947,803,935,0,0,0,0,0,False,False,Z
3469344,2019-03-05,PWM,LGA,9E,N980EV,3322,755,754,930,941,836,935,0,0,0,0,0,False,False,Z
3469345,2019-03-05,LGA,DFW,AA,N932AM,1490,757,753,1106,1112,819,1100,0,0,0,0,0,False,False,Z
3469346,2019-03-05,XNA,LGA,YX,N417YX,4360,758,755,1200,1143,818,1138,0,0,0,0,0,False,False,Z
3469347,2019-03-05,LGA,ATL,DL,N311DN,1167,759,750,1029,1014,804,1008,0,0,0,0,0,False,False,Z
3469348,2019-03-05,LGA,BHM,OO,N265SY,4911,759,752,946,950,826,946,0,0,0,0,0,False,False,Z
3469349,2019-03-05,LGA,DCA,YX,N882RW,5947,759,758,919,923,827,919,0,0,0,0,0,False,False,Z
3469350,2019-03-05,LGA,BOS,YX,N216JQ,5985,759,759,924,856,812,844,0,0,0,0,0,False,False,Z
3469351,2019-03-05,LGA,ILM,MQ,N810AE,3320,759,756,945,1015,833,1008,0,0,30,0,0,False,False,Z
3469352,2019-03-05,LGA,RDU,MQ,N827AE,3343,759,755,946,955,831,951,0,0,0,0,0,False,False,Z
3469353,2019-03-05,BOS,LGA,AA,N700UW,2126,800,751,925,855,809,849,0,0,0,0,0,False,False,Z
3469354,2019-03-05,LGA,BOS,AA,N944UW,2158,800,754,910,918,830,912,0,0,0,0,0,False,False,Z
3469355,2019-03-05,LGA,TPA,DL,N325US,2559,800,755,1109,1102,818,1100,0,0,0,0,0,False,False,Z
3469356,2019-03-05,TPA,LGA,DL,N369DN,2588,800,801,1050,1037,816,1025,0,0,0,0,0,False,False,Z
3469357,2019-03-05,ORD,LGA,UA,N827UA,1166,800,805,1105,1102,824,1058,0,0,0,0,0,False,False,Z
3469358,2019-03-05,LGA,ORD,UA,N39728,463,800,753,937,921,806,910,0,0,0,0,0,False,False,Z
3469359,2019-03-05,DCA,LGA,YX,N116HQ,4315,800,755,924,916,829,911,0,0,0,0,0,False,False,Z
3469360,2019-03-05,LGA,DCA,YX,N108HQ,4317,800,752,927,908,810,906,0,0,0,0,0,False,False,Z
3469361,2019-03-05,RDU,LGA,YX,N880RW,5879,800,751,947,929,804,908,0,0,0,0,0,False,False,Z
3469362,2019-03-05,DCA,LGA,YX,N215JQ,5924,800,757,920,959,821,909,0,0,39,0,0,False,False,Z
3469363,2019-03-05,BOS,LGA,YX,N860RW,5974,800,755,920,925,816,858,0,0,0,0,0,False,False,Z
3469364,2019-03-05,RSW,LGA,DL,N373NW,1428,801,758,1100,1047,811,1027,0,0,0,0,0,False,False,Z
3469365,2019-03-05,LGA,RSW,DL,N309US,636,805,757,1119,1129,825,1126,0,0,0,0,0,False,False,Z
3469366,2019-03-05,LGA,PBI,DL,N352NW,2470,805,812,1109,1120,837,1115,0,0,0,0,0,False,False,Z
3469367,2019-03-05,LGA,JAX,9E,N311PQ,5436,805,756,1050,1115,847,1111,0,0,25,0,0,False,False,Z
3469368,2019-03-05,LGA,MCI,9E,N937XJ,5070,805,758,1036,1029,821,1017,0,0,0,0,0,False,False,Z
3469369,2019-03-05,LGA,CVG,9E,N695CA,5230,811,801,1031,1027,835,1023,0,0,0,0,0,False,False,Z
3469370,2019-03-05,IAH,LGA,UA,N811UA,1573,812,802,1231,1208,825,1205,0,0,0,0,0,False,False,Z
3469371,2019-03-05,LGA,ORD,OO,N292SY,4252,815,810,1000,955,845,944,0,0,0,0,0,False,False,Z
3469372,2019-03-05,MDW,LGA,WN,N773SA,610,815,836,1115,1127,851,1122,0,0,0,0,0,False,False,Z
3469373,2019-03-05,IAD,LGA,YV,N501MJ,6255,815,813,942,929,831,917,0,0,0,0,0,False,False,Z
3469374,2019-03-05,TYS,LGA,9E,N331PQ,3395,817,805,1028,1002,815,938,0,0,0,0,0,False,False,Z
3469375,2019-03-05,LGA,STL,YX,N875RW,6061,818,818,1020,1049,900,1033,0,0,29,0,0,False,False,Z
3469376,2019-03-05,LGA,DEN,DL,N3752,1819,822,821,1100,1057,857,1051,0,0,0,0,0,False,False,Z
3469377,2019-03-05,LGA,FLL,DL,N364DX,1482,823,822,1147,1154,858,1144,0,0,0,0,0,False,False,Z
3469378,2019-03-05,LGA,ROC,9E,N297PQ,3390,825,815,959,931,838,925,0,0,0,0,0,False,False,Z
3469379,2019-03-05,LGA,MIA,AA,N992AN,970,829,829,1152,1154,910,1149,0,0,0,0,0,False,False,Z
3469380,2019-03-05,LGA,SDF,MQ,N801AE,4134,829,829,1104,1113,906,1110,0,0,0,0,0,False,False,Z
3469381,2019-03-05,LGA,ORF,OH,N248PS,5364,829,815,1001,950,839,945,0,0,0,0,0,False,False,Z
3469382,2019-03-05,LGA,ORD,AA,N316PF,115,830,822,1022,1033,907,1020,0,0,0,0,0,False,False,Z
3469383,2019-03-05,ATL,LGA,DL,N378NW,2936,830,826,1049,1030,843,1021,0,0,0,0,0,False,False,Z
3469384,2019-03-05,LGA,MKE,OO,N270SY,3688,830,823,1016,950,850,945,0,0,0,0,0,False,False,Z
3469385,2019-03-05,ORD,LGA,OO,N263SY,3760,830,823,1138,1123,845,1117,0,0,0,0,0,False,False,Z
3469386,2019-03-05,LGA,RIC,OO,N268SY,3793,830,828,1013,1004,901,959,0,0,0,0,0,False,False,Z
3469387,2019-03-05,LGA,CLE,EV,N14905,4120,830,820,1020,1016,852,1009,0,0,0,0,0,False,False,Z
3469388,2019-03-05,LGA,DEN,UA,N4888U,2367,830,821,1106,1045,841,1039,0,0,0,0,0,False,False,Z
3469389,2019-03-05,LGA,SYR,9E,N8694A,3370,830,820,1002,946,902,943,0,0,0,0,0,False,False,Z
3469390,2019-03-05,DFW,LGA,NK,N604NK,718,830,829,1258,1244,850,1235,0,0,0,0,0,False,False,Z
3469391,2019-03-05,ORD,LGA,AA,N959AN,367,830,825,1140,1151,909,1145,0,0,0,0,0,False,False,Z
3469392,2019-03-05,CLT,LGA,AA,N976UY,1788,833,836,1026,1011,855,1006,0,0,0,0,0,False,False,Z
3469393,2019-03-05,BNA,LGA,OO,N262SY,3597,834,829,1150,1125,839,1119,0,0,0,0,0,False,False,Z
3469394,2019-03-05,LGA,SAV,OO,N269SY,4228,835,835,1110,1126,912,1120,0,0,16,0,0,False,False,Z
3469395,2019-03-05,LGA,BNA,9E,N604LR,3426,835,823,1025,1035,919,1026,0,0,0,0,0,False,False,Z
3469396,2019-03-05,STL,LGA,WN,N710SW,453,835,838,1155,1142,846,1136,0,0,0,0,0,False,False,Z
3469397,2019-03-05,LGA,ORD,NK,N644NK,847,835,825,1019,1010,855,953,0,0,0,0,0,False,False,Z
3469398,2019-03-05,LGA,CLT,AA,N711UW,1746,836,828,1049,1100,905,1040,0,0,0,0,0,False,False,Z
3469399,2019-03-05,LGA,GSO,YX,N211JQ,6025,839,849,1045,1053,925,1050,0,0,0,0,0,False,False,Z
3469400,2019-03-05,LGA,IND,YX,N203JQ,6038,839,830,1118,1122,916,1112,0,0,0,0,0,False,False,Z
3469401,2019-03-05,DTW,LGA,DL,N342NB,2967,840,841,1044,1018,852,1002,0,0,0,0,0,False,False,Z
3469402,2019-03-05,BOS,LGA,B6,N236JB,731,840,838,1000,941,858,940,0,0,0,0,0,False,False,Z
3469403,2019-03-05,LGA,PHL,AA,N967UW,1791,845,838,949,955,913,952,0,0,0,0,0,False,False,Z
3469404,2019-03-05,CMH,LGA,YX,N212JQ,5893,845,837,1035,1019,847,957,0,0,0,0,0,False,False,Z
3469405,2019-03-05,LGA,CMH,YX,N818MD,5899,845,837,1057,1055,920,1050,0,0,0,0,0,False,False,Z
3469406,2019-03-05,LGA,ORF,9E,N8943A,5358,845,845,1025,1026,921,1023,0,0,0,0,0,False,False,Z
3469407,2019-03-05,MSP,LGA,DL,N348NW,1911,851,850,1236,1216,902,1208,0,0,0,0,0,False,False,Z
3469408,2019-03-05,RDU,LGA,MQ,N821AE,3803,851,849,1039,1040,927,1031,0,0,0,0,0,False,False,Z
3469409,2019-03-05,LGA,GSO,MQ,N854AE,3519,852,847,1046,1048,922,1045,0,0,0,0,0,False,False,Z
3469410,2019-03-05,MIA,LGA,AA,N341RW,2669,853,855,1200,1138,914,1131,0,0,0,0,0,False,False,Z
3469411,2019-03-05,LGA,DEN,WN,N8717M,2296,855,850,1150,1125,927,1119,0,0,0,0,0,False,False,Z
3469412,2019-03-05,LGA,ATL,DL,N317US,2940,859,851,1139,1138,931,1130,0,0,0,0,0,False,False,Z
3469413,2019-03-05,LGA,CLT,9E,N607LR,5403,859,858,1119,1114,935,1109,0,0,0,0,0,False,False,Z
3469414,2019-03-05,LGA,BOS,AA,N953UW,2121,900,9999,1021,9999,9999,9999,9999,9999,9999,9999,9999,True,False,A
3469415,2019-03-05,BOS,LGA,AA,N951UW,2152,900,849,1027,950,902,945,0,0,0,0,0,False,False,Z
3469416,2019-03-05,LGA,DFW,AA,N900UW,1105,900,855,1214,1211,929,1159,0,0,0,0,0,False,False,Z
3469417,2019-03-05,ORD,LGA,UA,N449UA,910,900,856,1205,1158,921,1153,0,0,0,0,0,False,False,Z
3469418,2019-03-05,LGA,ORD,UA,N456UA,519,900,903,1042,1049,941,1039,0,0,0,0,0,False,False,Z
3469419,2019-03-05,LGA,DCA,YX,N411YX,4321,900,849,1030,1030,932,1026,0,0,0,0,0,False,False,Z
3469420,2019-03-05,DCA,LGA,YX,N447YX,4333,900,853,1030,1024,938,1018,0,0,0,0,0,False,False,Z
3469421,2019-03-05,LGA,PBI,YX,N424YX,4546,900,858,1216,1231,942,1227,0,0,15,0,0,False,False,Z
3469422,2019-03-05,LGA,BOS,YX,N202JQ,5891,900,900,1025,1028,937,1013,0,0,0,0,0,False,False,Z
3469423,2019-03-05,DCA,LGA,YX,N869RW,5921,900,852,1035,1029,929,1015,0,0,0,0,0,False,False,Z
3469424,2019-03-05,LGA,DCA,YX,N868RW,5945,900,857,1030,1040,938,1036,0,0,0,0,0,False,False,Z
3469425,2019-03-05,LGA,IAH,YX,N204JQ,6010,900,856,1229,1248,949,1241,0,0,19,0,0,False,False,Z
3469426,2019-03-05,IND,LGA,YX,N874RW,6034,900,851,1108,1100,919,1047,0,0,0,0,0,False,False,Z
3469427,2019-03-05,BOS,LGA,YX,N208JQ,6099,900,902,1025,1028,927,1013,0,0,0,0,0,False,False,Z
3469428,2019-03-05,MCI,LGA,9E,N337PQ,3459,900,854,1246,1221,906,1216,0,0,0,0,0,False,False,Z
3469429,2019-03-05,ATL,LGA,WN,N222WN,1125,900,856,1115,1050,906,1039,0,0,0,0,0,False,False,Z
3469430,2019-03-05,DAL,LGA,WN,N476WN,4,900,9999,1310,9999,9999,9999,9999,9999,9999,9999,9999,True,False,A
3469431,2019-03-05,ORF,LGA,MQ,N800AE,3344,900,852,1035,1019,914,1014,0,0,0,0,0,False,False,Z
3469432,2019-03-05,DFW,LGA,AA,N160AN,1056,902,856,1333,1302,909,1245,0,0,0,0,0,False,False,Z
3469433,2019-03-05,LGA,IND,MQ,N808AE,3740,902,855,1129,1142,933,1137,0,0,0,0,0,False,False,Z
3469434,2019-03-05,CVG,LGA,9E,N906XJ,3471,903,920,1105,1114,935,1102,0,0,0,0,0,False,False,Z
3469435,2019-03-05,CLE,LGA,9E,N914XJ,5415,903,852,1051,1028,901,1007,0,0,0,0,0,False,False,Z
3469436,2019-03-05,PWM,LGA,MQ,N850AE,3549,904,855,1030,1015,908,1009,0,0,0,0,0,False,False,Z
3469437,2019-03-05,LGA,DTW,DL,N320US,838,905,905,1120,1117,944,1109,0,0,0,0,0,False,False,Z
3469438,2019-03-05,CLE,LGA,EV,N12166,4001,905,854,1053,1030,914,1022,0,0,0,0,0,False,False,Z
3469439,2019-03-05,PIT,LGA,YX,N824MD,5957,908,905,1053,1030,916,1012,0,0,0,0,0,False,False,Z
3469440,2019-03-05,LGA,TYS,9E,N315PQ,5130,909,909,1132,1141,951,1139,0,0,0,0,0,False,False,Z
3469441,2019-03-05,FLL,LGA,DL,N342NW,1105,910,906,1207,1141,920,1134,0,0,0,0,0,False,False,Z
3469442,2019-03-05,LGA,PIT,MQ,N809AE,3958,911,904,1053,1054,945,1047,0,0,0,0,0,False,False,Z
3469443,2019-03-05,LGA,ORD,OO,N264SY,3727,915,912,1100,1106,950,1054,0,0,0,0,0,False,False,Z
3469444,2019-03-05,CLT,LGA,YX,N205JQ,6116,915,914,1118,1122,1004,1114,0,0,0,0,0,False,False,Z
3469445,2019-03-05,LGA,TPA,WN,N488WN,2127,915,908,1240,1232,947,1228,0,0,0,0,0,False,False,Z
3469446,2019-03-05,CLE,LGA,MQ,N815AE,4056,915,906,1100,1052,939,1044,0,0,0,0,0,False,False,Z
3469447,2019-03-05,LGA,DFW,DL,N102DU,930,920,945,1252,1255,1010,1244,0,0,0,0,0,False,False,Z
3469448,2019-03-05,LGA,BNA,YX,N434YX,4506,920,911,1105,1112,952,1107,0,0,0,0,0,False,False,Z
3469449,2019-03-05,LGA,SDF,YX,N210JQ,6090,920,915,1204,1211,958,1203,0,0,0,0,0,False,False,Z
3469450,2019-03-05,LGA,CLE,MQ,N852AE,3521,921,920,1114,1115,953,1110,0,0,0,0,0,False,False,Z
3469451,2019-03-05,LGA,MCO,F9,N335FR,1113,929,941,1247,1334,1038,1317,0,0,42,0,5,False,False,Z
3469452,2019-03-05,LGA,MIA,YX,N414YX,4533,929,919,1246,1253,955,1247,0,0,0,0,0,False,False,Z
3469453,2019-03-05,LGA,ORD,AA,N955AN,129,930,929,1124,1126,1017,1115,0,0,0,0,0,False,False,Z
3469454,2019-03-05,ORD,LGA,DL,N989DN,1477,930,940,1232,1241,959,1234,0,0,0,0,0,False,False,Z
3469455,2019-03-05,LGA,MSY,DL,N361NB,2421,930,927,1219,1210,1006,1205,0,0,0,0,0,False,False,Z
3469456,2019-03-05,ATL,LGA,DL,N349DX,2927,930,928,1140,1118,939,1111,0,0,0,0,0,False,False,Z
3469457,2019-03-05,LGA,GRR,9E,N935XJ,3451,930,934,1159,1147,1003,1140,0,0,0,0,0,False,False,Z
3469458,2019-03-05,LGA,RDU,9E,N153PQ,5020,930,928,1125,1139,1011,1132,0,0,0,0,0,False,False,Z
3469459,2019-03-05,LGA,PWM,9E,N330PQ,5052,930,928,1105,1053,1001,1046,0,0,0,0,0,False,False,Z
3469460,2019-03-05,LGA,BOS,B6,N187JB,632,930,922,1059,1043,956,1039,0,0,0,0,0,False,False,Z
3469461,2019-03-05,ORD,LGA,AA,N816NN,349,930,929,1239,1224,948,1220,0,0,0,0,0,False,False,Z
3469462,2019-03-05,CMH,LGA,MQ,N830AE,3499,933,923,1130,1114,949,1105,0,0,0,0,0,False,False,Z
3469463,2019-03-05,LGA,CLE,YX,N867RW,6081,934,927,1140,1130,1008,1124,0,0,0,0,0,False,False,Z
3469464,2019-03-05,LGA,PIT,9E,N197PQ,5298,935,933,1124,1140,1033,1136,0,0,16,0,0,False,False,Z
3469465,2019-03-05,LGA,DAY,OH,N251PS,5563,935,930,1136,1133,956,1130,0,0,0,0,0,False,False,Z
3469466,2019-03-05,DFW,LGA,YX,N206JQ,6105,936,1021,1355,1425,1037,1419,1,0,0,0,29,False,False,Z
3469467,2019-03-05,ATL,LGA,YX,N422YX,4527,940,936,1200,1141,952,1129,0,0,0,0,0,False,False,Z
3469468,2019-03-05,LGA,CHS,YX,N214JQ,6023,940,937,1211,1214,1016,1208,0,0,0,0,0,False,False,Z
3469469,2019-03-05,IAH,LGA,OO,N282SY,3830,942,945,1414,1420,1028,1415,0,0,0,0,0,False,False,Z
3469470,2019-03-05,PBI,LGA,B6,N646JB,62,943,1012,1230,1232,1021,1228,0,0,0,0,0,False,False,Z
3469471,2019-03-05,LGA,MCO,DL,N330DX,1830,945,937,1251,1255,1006,1247,0,0,0,0,0,False,False,Z
3469472,2019-03-05,BNA,LGA,YX,N402YX,4650,945,937,1300,1232,952,1227,0,0,0,0,0,False,False,Z
3469473,2019-03-05,MYR,LGA,NK,N620NK,300,945,942,1137,1121,953,1108,0,0,0,0,0,False,False,Z
3469474,2019-03-05,LGA,DTW,NK,N603NK,475,945,949,1157,1148,1015,1142,0,0,0,0,0,False,False,Z
3469475,2019-03-05,LGA,CMH,YX,N404YX,4528,946,948,1148,1152,1020,1146,0,0,0,0,0,False,False,Z
3469476,2019-03-05,LGA,FLL,B6,N637JB,971,948,948,1312,1306,1013,1301,0,0,0,0,0,False,False,Z
3469477,2019-03-05,MKE,LGA,OO,N283SY,3732,950,2205,1302,125,2231,118,466,0,8,0,269,False,False,Z
3469478,2019-03-05,LGA,MCO,B6,N592JB,199,950,940,1256,1300,1004,1245,0,0,0,0,0,False,False,Z
3469479,2019-03-05,MEM,LGA,MQ,N851AE,3905,951,955,1330,1315,1009,1309,0,0,0,0,0,False,False,Z
3469480,2019-03-05,RIC,LGA,MQ,N842AE,3776,951,943,1130,1110,1004,1050,0,0,0,0,0,False,False,Z
3469481,2019-03-05,DEN,LGA,UA,N496UA,303,954,946,1530,1507,1002,1504,0,0,0,0,0,False,False,Z
3469482,2019-03-05,MSP,LGA,DL,N929AT,2277,955,953,1329,1315,1002,1307,0,0,0,0,0,False,False,Z
3469483,2019-03-05,DTW,LGA,DL,N358NW,2958,955,948,1146,1117,959,1107,0,0,0,0,0,False,False,Z
3469484,2019-03-05,LGA,MSN,YX,N810MD,6029,955,950,1143,1139,1036,1136,0,0,0,0,0,False,False,Z
3469485,2019-03-05,LGA,ATL,YX,N419YX,4498,956,950,1238,1236,1023,1229,0,0,0,0,0,False,False,Z
3469486,2019-03-05,LGA,ATL,DL,N322US,2941,959,959,1240,1231,1028,1225,0,0,0,0,0,False,False,Z
3469487,2019-03-05,BOS,LGA,AA,N944UW,2163,1000,956,1124,1100,1015,1056,0,0,0,0,0,False,False,Z
3469488,2019-03-05,LGA,BOS,AA,N958UW,2164,1000,954,1120,1102,1021,1056,0,0,0,0,0,False,False,Z
3469489,2019-03-05,LGA,MIA,DL,N365DN,1414,1000,1000,1328,1328,1030,1317,0,0,0,0,0,False,False,Z
3469490,2019-03-05,LGA,ORD,UA,N824UA,1953,1000,952,1141,1118,1012,1109,0,0,0,0,0,False,False,Z
3469491,2019-03-05,ORD,LGA,UA,N896UA,1499,1000,958,1305,1252,1017,1247,0,0,0,0,0,False,False,Z
3469492,2019-03-05,DCA,LGA,YX,N111HQ,4318,1000,949,1122,1047,1000,1042,0,0,0,0,0,False,False,Z
3469493,2019-03-05,LGA,DCA,YX,N116HQ,4323,1000,952,1130,1117,1025,1111,0,0,0,0,0,False,False,Z
3469494,2019-03-05,LGA,DCA,YX,N215JQ,5939,1000,1027,1133,1154,1101,1150,0,0,0,0,21,False,False,Z
3469495,2019-03-05,BOS,LGA,YX,N216JQ,6058,1000,950,1123,1125,1036,1116,0,0,0,0,0,False,False,Z
3469496,2019-03-05,LGA,BOS,YX,N860RW,6082,1000,956,1120,1123,1041,1114,0,0,0,0,0,False,False,Z
3469497,2019-03-05,RDU,LGA,9E,N678CA,5083,1000,1031,1147,1148,1043,1142,0,0,0,0,0,False,False,Z
3469498,2019-03-05,LGA,ATL,WN,N234WN,2166,1000,1002,1250,1241,1032,1235,0,0,0,0,0,False,False,Z
3469499,2019-03-05,LGA,MDW,WN,N7876A,1762,1000,1003,1145,1133,1032,1128,0,0,0,0,0,False,False,Z
3469500,2019-03-05,STL,LGA,YX,N444YX,4416,1001,956,1330,1307,1009,1256,0,0,0,0,0,False,False,Z
3469501,2019-03-05,LGA,DEN,UA,N427UA,2140,1005,959,1243,1227,1026,1221,0,0,0,0,0,False,False,Z
3469502,2019-03-05,IAH,LGA,UA,N847UA,1920,1005,1003,1424,1436,1046,1432,0,0,0,0,0,False,False,Z
3469503,2019-03-05,LGA,CVG,MQ,N856AE,3724,1005,959,1227,1224,1029,1219,0,0,0,0,0,False,False,Z
3469504,2019-03-05,DTW,LGA,MQ,N812AE,3374,1008,959,1200,1133,1015,1126,0,0,0,0,0,False,False,Z
3469505,2019-03-05,LGA,RIC,OO,N284SY,3692,1010,1010,1157,1145,1036,1139,0,0,0,0,0,False,False,Z
3469506,2019-03-05,LGA,BGR,9E,N980EV,5118,1010,1024,1158,1140,1046,1137,0,0,0,0,0,False,False,Z
3469507,2019-03-05,LGA,IAH,YV,N88359,6246,1010,1008,1336,1334,1034,1321,0,0,0,0,0,False,False,Z
3469508,2019-03-05,LGA,CLT,AA,N700UW,2036,1015,1047,1233,1247,1107,1243,0,0,0,0,0,False,False,Z
3469509,2019-03-05,LGA,ORD,OO,N267SY,3719,1015,1039,1200,1226,1109,1207,24,0,2,0,0,False,False,Z
3469510,2019-03-05,LGA,CVG,9E,N927XJ,3461,1015,1007,1240,1230,1044,1225,0,0,0,0,0,False,False,Z
3469511,2019-03-05,LGA,STL,YX,N815MD,6136,1016,1005,1223,1218,1051,1214,0,0,0,0,0,False,False,Z
3469512,2019-03-05,LGA,IAD,YV,N501MJ,6260,1018,1011,1150,1136,1039,1133,0,0,0,0,0,False,False,Z
3469513,2019-03-05,ILM,LGA,MQ,N837AE,3320,1019,9999,1206,9999,9999,9999,9999,9999,9999,9999,9999,True,False,A
3469514,2019-03-05,BUF,LGA,9E,N293PQ,3310,1025,1018,1151,1132,1033,1125,0,0,0,0,0,False,False,Z
3469515,2019-03-05,ORD,LGA,AA,N850NN,114,1030,1022,1340,1329,1050,1324,0,0,0,0,0,False,False,Z
3469516,2019-03-05,LGA,ORD,AA,N887NN,2302,1030,1022,1226,1151,1043,1139,0,0,0,0,0,False,False,Z
3469517,2019-03-05,ATL,LGA,DL,N359NW,2930,1030,1029,1242,1225,1045,1219,0,0,0,0,0,False,False,Z
3469518,2019-03-05,LGA,GSO,OO,N275SY,4080,1030,1028,1239,1224,1054,1221,0,0,0,0,0,False,False,Z
3469519,2019-03-05,ORD,LGA,OO,N292SY,4282,1030,1030,1340,1337,1054,1330,0,0,0,0,0,False,False,Z
3469520,2019-03-05,LGA,MEM,YX,N880RW,6039,1030,1020,1248,1236,1047,1232,0,0,0,0,0,False,False,Z
3469521,2019-03-05,LGA,BTV,9E,N8974C,5139,1030,1021,1205,1140,1051,1136,0,0,0,0,0,False,False,Z
3469522,2019-03-05,LGA,DAL,WN,N7865A,445,1030,1029,1350,1331,1100,1326,0,0,0,0,0,False,False,Z
3469523,2019-03-05,LGA,MCI,WN,N241WN,952,1030,9999,1310,9999,9999,9999,9999,9999,9999,9999,9999,True,False,A
3469524,2019-03-05,LGA,CHO,MQ,N806AE,3637,1030,1027,1159,1151,1052,1148,0,0,0,0,0,False,False,Z
3469525,2019-03-05,SYR,LGA,9E,N8694A,5152,1032,1025,1149,1135,1047,1128,0,0,0,0,0,False,False,Z
3469526,2019-03-05,ORF,LGA,9E,N8969A,5295,1034,1020,1211,1132,1030,1123,0,0,0,0,0,False,False,Z
3469527,2019-03-05,DFW,LGA,AA,N991AU,1608,1035,1040,1500,1443,1059,1438,0,0,0,0,0,False,False,Z
3469528,2019-03-05,LGA,ORF,9E,N934XJ,5257,1035,1025,1221,1202,1102,1157,0,0,0,0,0,False,False,Z
3469529,2019-03-05,MSY,LGA,WN,N7745A,1828,1035,1031,1430,1357,1041,1351,0,0,0,0,0,False,False,Z
3469530,2019-03-05,ROC,LGA,9E,N297PQ,5010,1036,1028,1200,1126,1036,1120,0,0,0,0,0,False,False,Z
3469531,2019-03-05,GSO,LGA,MQ,N845AE,3335,1040,1110,1230,1236,1124,1231,0,0,0,0,0,False,False,Z
3469532,2019-03-05,CLT,LGA,AA,N174US,1639,1042,1045,1230,1218,1102,1214,0,0,0,0,0,False,False,Z
3469533,2019-03-05,LGA,SRQ,DL,N331NW,2606,1043,1040,1404,1348,1058,1344,0,0,0,0,0,False,False,Z
3469534,2019-03-05,RDU,LGA,MQ,N827AE,3343,1044,1039,1230,1157,1050,1151,0,0,0,0,0,False,False,Z
3469535,2019-03-05,LGA,MSP,DL,N323DN,1903,1045,1041,1312,1230,1057,1224,0,0,0,0,0,False,False,Z
3469536,2019-03-05,CLT,LGA,9E,N336PQ,5315,1045,1034,1246,1228,1110,1222,0,0,0,0,0,False,False,Z
3469537,2019-03-05,LGA,BOS,B6,N236JB,732,1045,1035,1212,1133,1055,1129,0,0,0,0,0,False,False,Z
3469538,2019-03-05,ORF,LGA,OH,N229PS,5487,1049,1032,1228,1143,1042,1139,0,0,0,0,0,False,False,Z
3469539,2019-03-05,MCO,LGA,DL,N328DN,2352,1050,1048,1326,1309,1106,1303,0,0,0,0,0,False,False,Z
3469540,2019-03-05,STL,LGA,YX,N875RW,5877,1050,1115,1415,1423,1124,1416,0,0,0,0,0,False,False,Z
3469541,2019-03-05,LGA,DTW,DL,N335NB,842,1055,1049,1308,1234,1104,1229,0,0,0,0,0,False,False,Z
3469542,2019-03-05,RIC,LGA,OO,N268SY,3823,1055,1050,1220,1158,1104,1148,0,0,0,0,0,False,False,Z
3469543,2019-03-05,CLE,LGA,EV,N14905,4365,1055,1053,1237,1230,1118,1226,0,0,0,0,0,False,False,Z
3469544,2019-03-05,LGA,MKE,WN,N953WN,3495,1055,1054,1230,1209,1112,1203,0,0,0,0,0,False,False,Z
3469545,2019-03-05,BOS,LGA,AA,N955UW,2153,1100,1057,1230,1206,1117,1159,0,0,0,0,0,False,False,Z
3469546,2019-03-05,LGA,BOS,AA,N951UW,2162,1100,1056,1220,1154,1114,1147,0,0,0,0,0,False,False,Z
3469547,2019-03-05,LGA,DFW,AA,N981AN,2521,1100,1051,1413,1353,1115,1343,0,0,0,0,0,False,False,Z
3469548,2019-03-05,LGA,ATL,DL,N348DN,856,1100,1059,1342,1326,1119,1320,0,0,0,0,0,False,False,Z
3469549,2019-03-05,MKE,LGA,OO,N270SY,3712,1100,1057,1413,1353,1105,1344,0,0,0,0,0,False,False,Z
3469550,2019-03-05,LGA,CLT,OO,N291SY,4780,1100,1147,1330,1349,1205,1346,10,0,0,0,9,False,False,Z
3469551,2019-03-05,ORD,LGA,UA,N836UA,791,1100,1116,1405,1410,1128,1405,0,0,0,0,0,False,False,Z
3469552,2019-03-05,DCA,LGA,YX,N868RW,5922,1100,1106,1219,1215,1122,1202,0,0,0,0,0,False,False,Z
3469553,2019-03-05,BOS,LGA,YX,N202JQ,5979,1100,1058,1225,1214,1120,1203,0,0,0,0,0,False,False,Z
3469554,2019-03-05,LGA,BOS,YX,N208JQ,6112,1100,1057,1225,1207,1124,1159,0,0,0,0,0,False,False,Z
3469555,2019-03-05,LGA,ORD,YX,N858RW,3700,1100,1049,1248,1214,1106,1203,0,0,0,0,0,False,False,Z
3469556,2019-03-05,BNA,LGA,9E,N604LR,3469,1100,1107,1413,1408,1123,1359,0,0,0,0,0,False,False,Z
3469557,2019-03-05,LGA,DSM,9E,N331PQ,5404,1100,1052,1330,1258,1118,1252,0,0,0,0,0,False,False,Z
3469558,2019-03-05,FLL,LGA,B6,N586JB,1572,1102,1111,1400,1358,1140,1356,0,0,0,0,0,False,False,Z
3469559,2019-03-05,LGA,MIA,AA,N336RU,1554,1105,1058,1427,1410,1121,1402,0,0,0,0,0,False,False,Z
3469560,2019-03-05,LGA,PBI,DL,N362NW,2446,1105,1105,1423,1405,1127,1401,0,0,0,0,0,False,False,Z
3469561,2019-03-05,DEN,LGA,WN,N789SW,353,1110,1108,1650,1637,1122,1625,0,0,0,0,0,False,False,Z
3469562,2019-03-05,LGA,MYR,NK,N651NK,921,1110,1055,1315,1253,1113,1249,0,0,0,0,0,False,False,Z
3469563,2019-03-05,MCI,LGA,9E,N937XJ,3306,1111,1117,1503,1455,1130,1441,0,0,0,0,0,False,False,Z
3469564,2019-03-05,LGA,MCI,9E,N348PQ,3464,1111,1125,1348,1350,1154,1341,0,0,0,0,0,False,False,Z
3469565,2019-03-05,LGA,PIT,MQ,N818AE,3491,1111,1101,1251,1241,1130,1233,0,0,0,0,0,False,False,Z
3469566,2019-03-05,LGA,ORD,DL,N910AT,2325,1115,1110,1303,1234,1128,1223,0,0,0,0,0,False,False,Z
3469567,2019-03-05,GSO,LGA,YX,N211JQ,6031,1115,1117,1302,1257,1153,1252,0,0,0,0,0,False,False,Z
3469568,2019-03-05,LGA,CMH,YX,N212JQ,5901,1117,1103,1327,1259,1125,1253,0,0,0,0,0,False,False,Z
3469569,2019-03-05,LGA,ATL,YX,N447YX,4665,1121,1114,1403,1351,1133,1341,0,0,0,0,0,False,False,Z
3469570,2019-03-05,LGA,CMH,MQ,N850AE,3477,1121,1109,1324,1309,1135,1303,0,0,0,0,0,False,False,Z
3469571,2019-03-05,LGA,MKE,YX,N870RW,6035,1125,1116,1311,1243,1136,1237,0,0,0,0,0,False,False,Z
3469572,2019-03-05,JAX,LGA,9E,N311PQ,5388,1125,1154,1346,1355,1211,1349,0,0,0,0,0,False,False,Z
3469573,2019-03-05,MIA,LGA,DL,N313DN,1788,1126,1130,1430,1405,1140,1357,0,0,0,0,0,False,False,Z
3469574,2019-03-05,LGA,CLE,EV,N12166,4095,1127,1112,1320,1253,1132,1246,0,0,0,0,0,False,False,Z
3469575,2019-03-05,FLL,LGA,NK,N675NK,180,1129,1129,1428,1414,1148,1404,0,0,0,0,0,False,False,Z
3469576,2019-03-05,LGA,ORD,AA,N965AN,337,1130,1121,1322,1250,1143,1240,0,0,0,0,0,False,False,Z
3469577,2019-03-05,LGA,CLT,AA,N976UY,1788,1130,1122,1342,1341,1138,1317,0,0,0,0,0,False,False,Z
3469578,2019-03-05,LGA,TPA,DL,N356NW,1518,1130,1127,1438,1427,1146,1425,0,0,0,0,0,False,False,Z
3469579,2019-03-05,ATL,LGA,DL,N332NW,2914,1130,1128,1344,1317,1139,1311,0,0,0,0,0,False,False,Z
3469580,2019-03-05,ORD,LGA,OO,N264SY,3804,1130,1157,1433,1453,1209,1448,0,14,0,0,6,False,False,Z
3469581,2019-03-05,LGA,MSY,WN,N967WN,1256,1130,1131,1400,1352,1148,1347,0,0,0,0,0,False,False,Z
3469582,2019-03-05,LGA,DTW,MQ,N817AE,3421,1130,1122,1337,1322,1140,1309,0,0,0,0,0,False,False,Z
3469583,2019-03-05,LGA,BNA,MQ,N821AE,3969,1130,1127,1312,1314,1151,1306,0,0,0,0,0,False,False,Z
3469584,2019-03-05,LGA,FLL,DL,N339DN,422,1131,1128,1456,1431,1144,1426,0,0,0,0,0,False,False,Z
3469585,2019-03-05,LGA,CLE,9E,N914XJ,5464,1131,1127,1333,1311,1149,1302,0,0,0,0,0,False,False,Z
3469586,2019-03-05,PIT,LGA,MQ,N809AE,3958,1131,1124,1300,1248,1143,1236,0,0,0,0,0,False,False,Z
3469587,2019-03-05,LGA,BNA,OO,N272SY,3961,1132,1307,1323,1438,1321,1429,0,0,0,0,75,False,False,Z
3469588,2019-03-05,DAY,LGA,OH,N213PS,5560,1133,1115,1330,1300,1125,1242,0,0,0,0,0,False,False,Z
3469589,2019-03-05,BOS,LGA,B6,N187JB,831,1134,1125,1250,1227,1143,1224,0,0,0,0,0,False,False,Z
3469590,2019-03-05,DEN,LGA,UA,N455UA,1678,1135,1130,1715,1653,1144,1649,0,0,0,0,0,False,False,Z
3469591,2019-03-05,MIA,LGA,AA,N166NN,1249,1136,1147,1436,1432,1207,1427,0,0,0,0,0,False,False,Z
3469592,2019-03-05,PIT,LGA,9E,N324PQ,5435,1136,1131,1311,1245,1146,1238,0,0,0,0,0,False,False,Z
3469593,2019-03-05,CMH,LGA,YX,N818MD,5903,1140,1138,1319,1309,1147,1302,0,0,0,0,0,False,False,Z
3469594,2019-03-05,DFW,LGA,AA,N994AN,1187,1141,1136,1602,1532,1150,1526,0,0,0,0,0,False,False,Z
3469595,2019-03-05,SAV,LGA,OO,N269SY,3703,1144,1153,1353,1344,1207,1336,0,0,0,0,0,False,False,Z
3469596,2019-03-05,BNA,LGA,YX,N434YX,4506,1144,1132,1500,1433,1146,1426,0,0,0,0,0,False,False,Z
3469597,2019-03-05,LGA,MSP,DL,N342NB,738,1145,1143,1406,1330,1157,1326,0,0,0,0,0,False,False,Z
3469598,2019-03-05,DEN,LGA,DL,N3752,2918,1145,1142,1726,1704,1156,1658,0,0,0,0,0,False,False,Z
3469599,2019-03-05,LGA,PIT,9E,N906XJ,5540,1145,1144,1335,1308,1202,1304,0,0,0,0,0,False,False,Z
3469600,2019-03-05,LGA,ROA,MQ,N815AE,3546,1146,1138,1335,1317,1158,1312,0,0,0,0,0,False,False,Z
3469601,2019-03-05,LGA,MCO,DL,N369DN,1565,1148,1143,1451,1434,1155,1427,0,0,0,0,0,False,False,Z
3469602,2019-03-05,LGA,RSW,DL,N378NW,1692,1150,1150,1520,1504,1208,1500,0,0,0,0,0,False,False,Z
3469603,2019-03-05,LGA,IND,YX,N824MD,6028,1150,1146,1427,1406,1207,1358,0,0,0,0,0,False,False,Z
3469604,2019-03-05,BNA,LGA,WN,N7855A,1310,1150,9999,1455,9999,9999,9999,9999,9999,9999,9999,9999,True,False,A
3469605,2019-03-05,CVG,LGA,9E,N602LR,3474,1151,1144,1348,1321,1154,1315,0,0,0,0,0,False,False,Z
3469606,2019-03-05,CLT,LGA,9E,N607LR,5290,1154,1146,1359,1336,1218,1328,0,0,0,0,0,False,False,Z
3469607,2019-03-05,LGA,RIC,MQ,N837AE,3336,1156,1144,1332,1302,1159,1259,0,0,0,0,0,False,False,Z
3469608,2019-03-05,LGA,BOS,YX,N216JQ,5993,1159,1159,1325,1307,1225,1258,0,0,0,0,0,False,False,Z
3469609,2019-03-05,IND,LGA,YX,N203JQ,6040,1159,1153,1359,1342,1207,1334,0,0,0,0,0,False,False,Z
3469610,2019-03-05,BOS,LGA,AA,N958UW,2136,1200,1153,1321,1255,1209,1250,0,0,0,0,0,False,False,Z
3469611,2019-03-05,LGA,BOS,AA,N944UW,2161,1200,1153,1318,1323,1222,1255,0,0,0,0,0,False,False,Z
3469612,2019-03-05,LGA,ATL,DL,N373NW,834,1200,1146,1440,1407,1200,1359,0,0,0,0,0,False,False,Z
3469613,2019-03-05,DFW,LGA,DL,N105DU,2949,1200,1158,1622,1603,1214,1555,0,0,0,0,0,False,False,Z
3469614,2019-03-05,LGA,ORD,UA,N827UA,2202,1200,1151,1342,1313,1209,1310,0,0,0,0,0,False,False,Z
3469615,2019-03-05,ORD,LGA,UA,N899UA,1741,1200,1610,1505,1911,1625,1906,80,0,0,0,166,False,False,Z
3469616,2019-03-05,LGA,DEN,UA,N469UA,405,1200,1150,1438,1405,1204,1400,0,0,0,0,0,False,False,Z
3469617,2019-03-05,LGA,DCA,YX,N124HQ,4335,1200,1153,1327,1311,1213,1305,0,0,0,0,0,False,False,Z
3469618,2019-03-05,LGA,TYS,YX,N445YX,4589,1200,1143,1420,1411,1215,1404,0,0,0,0,0,False,False,Z
3469619,2019-03-05,BOS,LGA,YX,N860RW,5900,1200,1156,1316,1306,1216,1300,0,0,0,0,0,False,False,Z
3469620,2019-03-05,LGA,DCA,YX,N874RW,5940,1200,1153,1329,1314,1216,1310,0,0,0,0,0,False,False,Z
3469621,2019-03-05,PWM,LGA,9E,N330PQ,5004,1200,1151,1327,1306,1200,1258,0,0,0,0,0,False,False,Z
3469622,2019-03-05,RDU,LGA,9E,N153PQ,5088,1200,1210,1348,1323,1221,1317,0,0,0,0,0,False,False,Z
3469623,2019-03-05,HOU,LGA,WN,N923WN,1662,1200,1154,1620,1604,1207,1554,0,0,0,0,0,False,False,Z
3469624,2019-03-05,LGA,HOU,WN,N222WN,1125,1200,1155,1510,1504,1219,1456,0,0,0,0,0,False,False,Z
3469625,2019-03-05,LGA,MDW,WN,N773SA,611,1200,1200,1335,1319,1223,1314,0,0,0,0,0,False,False,Z
3469626,2019-03-05,CLT,LGA,AA,N552UW,880,1203,9999,1400,9999,9999,9999,9999,9999,9999,9999,9999,True,False,A
3469627,2019-03-05,RSW,LGA,DL,N309US,1479,1204,1210,1505,1449,1224,1443,0,0,0,0,0,False,False,Z
3469628,2019-03-05,LGA,CLE,MQ,N830AE,3884,1205,1156,1355,1344,1218,1335,0,0,0,0,0,False,False,Z
3469629,2019-03-05,LGA,ORF,MQ,N842AE,3970,1205,1157,1332,1313,1211,1310,0,0,0,0,0,False,False,Z
3469630,2019-03-05,PBI,LGA,DL,N352NW,2289,1206,1214,1500,1458,1237,1449,0,0,0,0,0,False,False,Z
3469631,2019-03-05,LGA,XNA,YX,N111HQ,4478,1209,1157,1439,1429,1221,1425,0,0,0,0,0,False,False,Z
3469632,2019-03-05,LGA,ROC,YX,N869RW,6066,1210,1203,1343,1326,1228,1318,0,0,0,0,0,False,False,Z
3469633,2019-03-05,TYS,LGA,9E,N315PQ,3391,1210,1220,1423,1402,1232,1355,0,0,0,0,0,False,False,Z
3469634,2019-03-05,LGA,MIA,AA,N931NN,2586,1211,1204,1533,1540,1226,1513,0,0,0,0,0,False,False,Z
3469635,2019-03-05,IAH,LGA,UA,N481UA,2179,1211,1300,1630,1658,1312,1655,0,0,0,0,28,False,False,Z
3469636,2019-03-05,CLE,LGA,YX,N867RW,6083,1211,1205,1345,1353,1232,1339,0,0,0,0,0,False,False,Z
3469637,2019-03-05,FLL,LGA,DL,N355DN,1599,1213,1209,1514,1446,1222,1439,0,0,0,0,0,False,False,Z
3469638,2019-03-05,LGA,IAH,YV,N85320,6331,1213,1206,1539,1522,1230,1519,0,0,0,0,0,False,False,Z
3469639,2019-03-05,TPA,LGA,DL,N326US,1488,1215,1339,1505,1610,1355,1600,5,0,0,0,60,False,False,Z
3469640,2019-03-05,LGA,ORD,OO,N263SY,3773,1215,1327,1400,1456,1345,1444,56,0,0,0,0,False,False,Z
3469641,2019-03-05,ATL,LGA,WN,N443WN,491,1215,1213,1425,1407,1229,1402,0,0,0,0,0,False,False,Z
3469642,2019-03-05,CMH,LGA,YX,N404YX,4528,1218,1212,1409,1336,1222,1332,0,0,0,0,0,False,False,Z
3469643,2019-03-05,MCO,LGA,B6,N606JB,398,1218,1218,1459,1432,1234,1430,0,0,0,0,0,False,False,Z
3469644,2019-03-05,DAL,LGA,WN,N788SA,1703,1220,1221,1640,1626,1237,1616,0,0,0,0,0,False,False,Z
3469645,2019-03-05,MIA,LGA,AA,N302SA,1556,1226,1224,1529,1502,1242,1458,0,0,0,0,0,False,False,Z
3469646,2019-03-05,SDF,LGA,MQ,N801AE,4134,1226,1221,1430,1414,1236,1407,0,0,0,0,0,False,False,Z
3469647,2019-03-05,BGR,LGA,9E,N980EV,5136,1228,1229,1406,1422,1258,1414,0,0,16,0,0,False,False,Z
3469648,2019-03-05,LGA,CHO,9E,N8694A,5373,1229,1208,1410,1330,1229,1327,0,0,0,0,0,False,False,Z
3469649,2019-03-05,LGA,ORD,AA,N959AN,2435,1230,1224,1417,1423,1306,1408,0,0,0,0,0,False,False,Z
3469650,2019-03-05,ATL,LGA,DL,N317US,2917,1230,1224,1440,1433,1239,1420,0,0,0,0,0,False,False,Z
3469651,2019-03-05,LGA,RDU,OO,N262SY,3632,1230,1220,1430,1405,1232,1400,0,0,0,0,0,False,False,Z
3469652,2019-03-05,RIC,LGA,OO,N284SY,3659,1230,1227,1346,1330,1240,1325,0,0,0,0,0,False,False,Z
3469653,2019-03-05,ORD,LGA,OO,N267SY,3806,1230,1256,1540,1555,1313,1551,0,0,0,0,15,False,False,Z
3469654,2019-03-05,ORD,LGA,UA,N15712,1112,1230,1227,1534,1529,1252,1525,0,0,0,0,0,False,False,Z
3469655,2019-03-05,LGA,ORF,9E,N678CA,5317,1230,1224,1410,1342,1237,1339,0,0,0,0,0,False,False,Z
3469656,2019-03-05,MDW,LGA,WN,N7876A,1763,1230,1230,1530,1517,1241,1513,0,0,0,0,0,False,False,Z
3469657,2019-03-05,LGA,FLL,NK,N620NK,197,1230,1224,1538,1522,1236,1514,0,0,0,0,0,False,False,Z
3469658,2019-03-05,ORD,LGA,AA,N955AN,381,1230,1228,1538,1520,1241,1516,0,0,0,0,0,False,False,Z
3469659,2019-03-05,LGA,BUF,9E,N293PQ,3494,1233,1224,1411,1348,1247,1342,0,0,0,0,0,False,False,Z
3469660,2019-03-05,GRR,LGA,9E,N134EV,3458,1234,1821,1431,2108,1918,2045,273,0,50,0,74,False,False,Z
3469661,2019-03-05,DFW,LGA,AA,N9022G,1164,1235,1231,1659,1633,1246,1626,0,0,0,0,0,False,False,Z
3469662,2019-03-05,SDF,LGA,YX,N210JQ,6088,1235,1237,1449,1448,1300,1437,0,0,0,0,0,False,False,Z
3469663,2019-03-05,LGA,BNA,WN,N710SW,454,1235,1231,1420,1353,1244,1348,0,0,0,0,0,False,False,Z
3469664,2019-03-05,LGA,SDF,MQ,N812AE,3659,1235,1225,1507,1440,1235,1435,0,0,0,0,0,False,False,Z
3469665,2019-03-05,LGA,DTW,DL,N358NW,898,1236,1233,1444,1418,1246,1411,0,0,0,0,0,False,False,Z
3469666,2019-03-05,LGA,MIA,DL,N349DX,1469,1238,1232,1559,1540,1242,1534,0,0,0,0,0,False,False,Z
3469667,2019-03-05,LGA,MEM,YX,N422YX,4659,1240,1234,1436,1421,1248,1415,0,0,0,0,0,False,False,Z
3469668,2019-03-05,IAD,LGA,YV,N513MJ,6055,1240,1302,1402,1416,1323,1412,0,0,0,0,0,False,False,Z
3469669,2019-03-05,CHS,LGA,YX,N214JQ,6027,1241,1244,1444,1433,1258,1424,0,0,0,0,0,False,False,Z
3469670,2019-03-05,MSP,LGA,DL,N343NW,2998,1245,1257,1626,1620,1307,1612,0,0,0,0,0,False,False,Z
3469671,2019-03-05,LGA,RIC,9E,N297PQ,3365,1246,1241,1420,1356,1251,1351,0,0,0,0,0,False,False,Z
3469672,2019-03-05,LGA,PIT,MQ,N840AE,3770,1247,1317,1428,1500,1340,1449,30,0,2,0,0,False,False,Z
3469673,2019-03-05,PBI,LGA,YX,N424YX,4546,1252,1309,1548,1542,1323,1536,0,0,0,0,0,False,False,Z
3469674,2019-03-05,STL,LGA,YX,N815MD,6007,1253,1249,1619,1614,1306,1604,0,0,0,0,0,False,False,Z
3469675,2019-03-05,TPA,LGA,WN,N7739A,426,1255,1254,1545,1514,1306,1508,0,0,0,0,0,False,False,Z
3469676,2019-03-05,PBI,LGA,B6,N590JB,362,1256,1404,1548,1632,1416,1629,16,0,0,0,28,False,False,Z
3469677,2019-03-05,PHL,LGA,AA,N965UW,2111,1257,1255,1400,1345,1313,1341,0,0,0,0,0,False,False,Z
3469678,2019-03-05,LGA,ATL,DL,N342NW,715,1259,1256,1539,1518,1308,1510,0,0,0,0,0,False,False,Z
3469679,2019-03-05,DCA,LGA,YX,N215JQ,5931,1259,1258,1424,1447,1349,1434,0,0,23,0,0,False,False,Z
3469680,2019-03-05,LGA,CLT,YX,N868RW,6125,1259,1249,1518,1449,1303,1442,0,0,0,0,0,False,False,Z
3469681,2019-03-05,LGA,DFW,AA,N995AN,1263,1300,1254,1605,1609,1316,1559,0,0,0,0,0,False,False,Z
3469682,2019-03-05,LGA,BOS,AA,N955UW,2156,1300,1252,1420,1411,1326,1406,0,0,0,0,0,False,False,Z
3469683,2019-03-05,BOS,LGA,AA,N951UW,2162,1300,1253,1428,1422,1332,1418,0,0,0,0,0,False,False,Z
3469684,2019-03-05,CLE,LGA,EV,N18556,4308,1300,1250,1442,1450,1338,1444,0,0,0,0,0,False,False,Z
3469685,2019-03-05,LGA,ORD,UA,N449UA,1213,1300,1249,1444,1411,1302,1402,0,0,0,0,0,False,False,Z
3469686,2019-03-05,ORD,LGA,UA,N453UA,682,1300,1624,1605,1936,1648,1931,204,0,7,0,0,False,False,Z
3469687,2019-03-05,DCA,LGA,YX,N102HQ,4323,1300,1253,1420,1439,1336,1423,0,0,19,0,0,False,False,Z
3469688,2019-03-05,LGA,DCA,YX,N417YX,4328,1300,1252,1430,1406,1305,1353,0,0,0,0,0,False,False,Z
3469689,2019-03-05,LGA,DFW,YX,N878RW,5978,1300,1258,1616,1613,1317,1603,0,0,0,0,0,False,False,Z
3469690,2019-03-05,LGA,BOS,YX,N205JQ,5995,1300,1258,1423,1417,1329,1407,0,0,0,0,0,False,False,Z
3469691,2019-03-05,BOS,LGA,YX,N208JQ,6100,1300,1249,1424,1418,1328,1410,0,0,0,0,0,False,False,Z
3469692,2019-03-05,STL,LGA,WN,N7863A,2165,1300,1257,1620,1605,1304,1556,0,0,0,0,0,False,False,Z
3469693,2019-03-05,LGA,DAY,OH,N229PS,5450,1303,1325,1508,1520,1335,1515,0,0,0,0,0,False,False,Z
3469694,2019-03-05,LGA,BNA,OO,N268SY,3937,1305,1304,1446,1439,1319,1432,0,0,0,0,0,False,False,Z
3469695,2019-03-05,LGA,RDU,MQ,N845AE,3915,1305,1319,1449,1513,1343,1504,8,0,10,0,6,False,False,Z
3469696,2019-03-05,CLT,LGA,AA,N112US,1862,1306,1321,1502,1504,1343,1456,0,0,0,0,0,False,False,Z
3469697,2019-03-05,LGA,DTW,MQ,N827AE,3392,1306,1330,1512,1528,1350,1519,16,0,0,0,0,False,False,Z
3469698,2019-03-05,MSY,LGA,DL,N361NB,677,1309,1405,1710,1745,1418,1735,35,0,0,0,0,False,False,Z
3469699,2019-03-05,ORF,LGA,9E,N934XJ,5495,1309,1249,1459,1414,1312,1408,0,0,0,0,0,False,False,Z
3469700,2019-03-05,LGA,ILM,MQ,N816AE,3943,1309,1258,1455,1443,1313,1438,0,0,0,0,0,False,False,Z
3469701,2019-03-05,PIT,LGA,MQ,N855AE,3871,1311,1258,1444,1420,1311,1411,0,0,0,0,0,False,False,Z
3469702,2019-03-05,ATL,LGA,YX,N419YX,4498,1312,1315,1529,1516,1328,1505,0,0,0,0,0,False,False,Z
3469703,2019-03-05,CHO,LGA,MQ,N857AE,3493,1312,1305,1435,1444,1325,1422,0,0,0,0,0,False,False,Z
3469704,2019-03-05,LGA,ORD,DL,N989DN,744,1315,1339,1451,1502,1357,1453,0,0,0,0,0,False,False,Z
3469705,2019-03-05,BTV,LGA,9E,N8908D,5137,1315,1311,1436,1441,1340,1428,0,0,0,0,0,False,False,Z
3469706,2019-03-05,LGA,PBI,B6,N646JB,1161,1315,1333,1618,1638,1353,1631,16,0,2,0,2,False,False,Z
3469707,2019-03-05,LGA,CLE,EV,N14905,4302,1320,1307,1513,1458,1323,1438,0,0,0,0,0,False,False,Z
3469708,2019-03-05,CVG,LGA,9E,N927XJ,3491,1320,1332,1517,1513,1340,1507,0,0,0,0,0,False,False,Z
3469709,2019-03-05,MIA,LGA,AA,N992AN,1457,1324,1327,1629,1612,1339,1559,0,0,0,0,0,False,False,Z
3469710,2019-03-05,GSO,LGA,OO,N275SY,4053,1324,1318,1517,1452,1341,1446,0,0,0,0,0,False,False,Z
3469711,2019-03-05,LGA,MSY,DL,N348NW,2145,1329,1317,1601,1550,1345,1546,0,0,0,0,0,False,False,Z
3469712,2019-03-05,LGA,XNA,9E,N337PQ,3393,1329,1435,1551,1708,1455,1655,66,0,11,0,0,False,False,Z
3469713,2019-03-05,LGA,CVG,9E,N295PQ,3462,1329,1324,1546,1542,1352,1536,0,0,0,0,0,False,False,Z
3469714,2019-03-05,LGA,MIA,AA,N341RW,2669,1330,1327,1648,1655,1348,1627,0,0,0,0,0,False,False,Z
3469715,2019-03-05,LGA,ORD,AA,N885NN,30,1330,1322,1512,1440,1334,1435,0,0,0,0,0,False,False,Z
3469716,2019-03-05,ORD,LGA,AA,N927NN,2302,1330,1327,1639,1624,1343,1620,0,0,0,0,0,False,False,Z
3469717,2019-03-05,ORD,LGA,DL,N954AT,1439,1330,1324,1632,1646,1358,1640,0,0,0,0,0,False,False,Z
3469718,2019-03-05,ATL,LGA,DL,N322US,2858,1330,1325,1544,1517,1336,1510,0,0,0,0,0,False,False,Z
3469719,2019-03-05,LGA,ATL,WN,N7749B,1411,1330,1324,1605,1545,1338,1538,0,0,0,0,0,False,False,Z
3469720,2019-03-05,LGA,BOS,B6,N187JB,832,1330,1320,1450,1432,1337,1421,0,0,0,0,0,False,False,Z
3469721,2019-03-05,LGA,CLT,AA,N174US,598,1332,1325,1535,1524,1342,1519,0,0,0,0,0,False,False,Z
3469722,2019-03-05,LGA,CLE,9E,N336PQ,3341,1335,1324,1525,1523,1350,1505,0,0,0,0,0,False,False,Z
3469723,2019-03-05,LGA,CLE,MQ,N809AE,4023,1335,1325,1518,1512,1347,1503,0,0,0,0,0,False,False,Z
3469724,2019-03-05,DFW,LGA,AA,N861NN,2822,1340,1334,1800,1727,1346,1723,0,0,0,0,0,False,False,Z
3469725,2019-03-05,LGA,STL,YX,N402YX,4576,1340,1330,1533,1520,1355,1515,0,0,0,0,0,False,False,Z
3469726,2019-03-05,MKE,LGA,YX,N870RW,6022,1341,1328,1657,1642,1346,1636,0,0,0,0,0,False,False,Z
3469727,2019-03-05,LGA,CMH,YX,N211JQ,5888,1342,1333,1543,1533,1404,1528,0,0,0,0,0,False,False,Z
3469728,2019-03-05,BNA,LGA,MQ,N821AE,3416,1343,1337,1703,1646,1352,1637,0,0,0,0,0,False,False,Z
3469729,2019-03-05,MCI,LGA,WN,N7826B,955,1345,1710,1720,2043,1716,2028,200,0,0,0,3,False,False,Z
3469730,2019-03-05,LGA,DFW,NK,N604NK,917,1348,1344,1704,1651,1403,1638,0,0,0,0,0,False,False,Z
3469731,2019-03-05,MCO,LGA,DL,N330DX,2587,1349,1350,1631,1627,1410,1614,0,0,0,0,0,False,False,Z
3469732,2019-03-05,DSM,LGA,9E,N349PQ,5374,1349,1405,1730,1737,1425,1731,0,0,0,0,0,False,False,Z
3469733,2019-03-05,LGA,DEN,UA,N811UA,393,1350,1347,1626,1616,1409,1610,0,0,0,0,0,False,False,Z
3469734,2019-03-05,LGA,PIT,9E,N600LR,5361,1351,1338,1528,1504,1358,1501,0,0,0,0,0,False,False,Z
3469735,2019-03-05,DTW,LGA,DL,N336NW,2960,1355,1402,1549,1620,1448,1608,7,0,24,0,0,False,False,Z
3469736,2019-03-05,LGA,STL,WN,N241WN,1582,1355,1350,1545,1531,1410,1527,0,0,0,0,0,False,False,Z
3469737,2019-03-05,BNA,LGA,OO,N272SY,3912,1357,1507,1712,1812,1520,1802,0,0,0,0,60,False,False,Z
3469738,2019-03-05,RIC,LGA,MQ,N837AE,3336,1357,1345,1535,1457,1402,1451,0,0,0,0,0,False,False,Z
3469739,2019-03-05,LGA,ATL,DL,N359NW,897,1359,1356,1629,1616,1412,1612,0,0,0,0,0,False,False,Z
3469740,2019-03-05,LGA,SYR,OO,N292SY,4091,1359,1419,1518,1518,1434,1515,0,0,0,0,0,False,False,Z
3469741,2019-03-05,DCA,LGA,YX,N874RW,5932,1359,1356,1524,1508,1418,1501,0,0,0,0,0,False,False,Z
3469742,2019-03-05,LGA,DCA,YX,N818MD,5937,1359,1354,1524,1505,1408,1459,0,0,0,0,0,False,False,Z
3469743,2019-03-05,LGA,BOS,YX,N860RW,6108,1359,1359,1523,1515,1428,1505,0,0,0,0,0,False,False,Z
3469744,2019-03-05,BOS,LGA,AA,N954UW,2118,1400,1352,1522,1503,1411,1453,0,0,0,0,0,False,False,Z
3469745,2019-03-05,LGA,BOS,AA,N958UW,2146,1400,1352,1513,1506,1424,1502,0,0,0,0,0,False,False,Z
3469746,2019-03-05,CLT,LGA,OO,N291SY,4751,1400,1414,1559,1613,1444,1558,0,0,0,0,0,False,False,Z
3469747,2019-03-05,LGA,ORD,UA,N896UA,1921,1400,1351,1540,1512,1406,1501,0,0,0,0,0,False,False,Z
3469748,2019-03-05,DEN,LGA,UA,N406UA,1274,1400,1353,1938,1911,1403,1906,0,0,0,0,0,False,False,Z
3469749,2019-03-05,ORD,LGA,UA,N842UA,509,1400,1401,1705,1710,1426,1703,0,0,0,0,0,False,False,Z
3469750,2019-03-05,DCA,LGA,YX,N407YX,4319,1400,1356,1522,1508,1420,1502,0,0,0,0,0,False,False,Z
3469751,2019-03-05,BOS,LGA,YX,N216JQ,5976,1400,1400,1525,1508,1418,1500,0,0,0,0,0,False,False,Z
3469752,2019-03-05,LGA,CMH,OH,N213PS,5378,1405,1403,1603,1553,1417,1545,0,0,0,0,0,False,False,Z
3469753,2019-03-05,MYR,LGA,NK,N651NK,922,1407,1404,1559,1546,1411,1522,0,0,0,0,0,False,False,Z
3469754,2019-03-05,CLE,LGA,9E,N914XJ,5475,1408,1353,1549,1535,1425,1530,0,0,0,0,0,False,False,Z
3469755,2019-03-05,ROA,LGA,MQ,N815AE,3546,1409,1401,1547,1527,1413,1515,0,0,0,0,0,False,False,Z
3469756,2019-03-05,LGA,RDU,YX,N444YX,4652,1410,1402,1557,1549,1421,1545,0,0,0,0,0,False,False,Z
3469757,2019-03-05,PIT,LGA,9E,N906XJ,5445,1412,1417,1541,1525,1427,1518,0,0,0,0,0,False,False,Z
3469758,2019-03-05,DTW,LGA,MQ,N817AE,3421,1412,1403,1605,1558,1435,1553,0,0,0,0,0,False,False,Z
3469759,2019-03-05,LGA,ORD,OO,N269SY,4279,1415,1415,1556,1538,1431,1527,0,0,0,0,0,False,False,Z
3469760,2019-03-05,LGA,IAH,UA,N464UA,2078,1415,1404,1725,1706,1416,1659,0,0,0,0,0,False,False,Z
3469761,2019-03-05,LGA,RIC,MQ,N851AE,3818,1416,1409,1541,1532,1422,1527,0,0,0,0,0,False,False,Z
3469762,2019-03-05,LGA,MSP,DL,N929AT,1859,1419,1416,1631,1603,1429,1559,0,0,0,0,0,False,False,Z
3469763,2019-03-05,RDU,LGA,MQ,N807AE,3354,1420,1448,1614,1627,1514,1619,0,0,0,0,0,False,False,Z
3469764,2019-03-05,LGA,MCO,DL,N328DN,1451,1424,1421,1721,1706,1432,1700,0,0,0,0,0,False,False,Z
3469765,2019-03-05,MCO,LGA,F9,N304FR,1112,1424,1458,1709,1736,1521,1721,2,0,0,0,25,False,False,Z
3469766,2019-03-05,ROC,LGA,YX,N869RW,6063,1425,1418,1548,1534,1445,1528,0,0,0,0,0,False,False,Z
3469767,2019-03-05,CLT,LGA,AA,N978UY,2068,1426,1420,1621,1609,1447,1605,0,0,0,0,0,False,False,Z
3469768,2019-03-05,MIA,LGA,DL,N365DN,1537,1426,1427,1726,1734,1438,1704,0,0,0,0,0,False,False,Z
3469769,2019-03-05,MCI,LGA,9E,N348PQ,5176,1426,1439,1819,1820,1455,1810,0,0,0,0,0,False,False,Z
3469770,2019-03-05,LGA,STL,9E,N153PQ,3383,1428,1417,1624,1557,1435,1553,0,0,0,0,0,False,False,Z
3469771,2019-03-05,LGA,SDF,OO,N284SY,3771,1429,1425,1657,1647,1442,1644,0,0,0,0,0,False,False,Z
3469772,2019-03-05,LGA,IND,YX,N867RW,6030,1429,1429,1653,1645,1449,1639,0,0,0,0,0,False,False,Z
3469773,2019-03-05,LGA,JAX,9E,N330PQ,5439,1429,1430,1708,1707,1452,1702,0,0,0,0,0,False,False,Z
3469774,2019-03-05,LGA,RDU,9E,N324PQ,5016,1429,1424,1625,1614,1446,1609,0,0,0,0,0,False,False,Z
3469775,2019-03-05,ORD,LGA,AA,N965AN,336,1430,1422,1740,1719,1436,1715,0,0,0,0,0,False,False,Z
3469776,2019-03-05,LGA,ORD,AA,N850NN,2395,1430,1420,1613,1547,1436,1532,0,0,0,0,0,False,False,Z
3469777,2019-03-05,LGA,DFW,AA,N160AN,1056,1430,1420,1734,1712,1440,1702,0,0,0,0,0,False,False,Z
3469778,2019-03-05,ATL,LGA,DL,N360DN,2876,1430,1425,1650,1617,1435,1610,0,0,0,0,0,False,False,Z
3469779,2019-03-05,ORD,LGA,OO,N263SY,3789,1430,1530,1740,1837,1544,1823,1,0,0,0,56,False,False,Z
3469780,2019-03-05,LGA,GSP,YX,N206JQ,6047,1435,1451,1649,1700,1515,1656,0,0,0,0,0,False,False,Z
3469781,2019-03-05,LGA,OMA,9E,N311PQ,5239,1436,1430,1704,1650,1459,1647,0,0,0,0,0,False,False,Z
3469782,2019-03-05,DFW,LGA,AA,N840AW,2531,1437,1435,1901,1847,1458,1841,0,0,0,0,0,False,False,Z
3469783,2019-03-05,ATL,LGA,YX,N447YX,4665,1437,1432,1659,1635,1446,1623,0,0,0,0,0,False,False,Z
3469784,2019-03-05,LGA,IAH,YX,N203JQ,6067,1440,1436,1801,1746,1457,1740,0,0,0,0,0,False,False,Z
3469785,2019-03-05,LGA,IAD,YV,N513MJ,6053,1440,1440,1601,1612,1512,1605,0,0,0,0,0,False,False,Z
3469786,2019-03-05,LGA,ATL,AA,N965UW,1662,1445,1436,1712,1742,1453,1655,0,0,30,0,0,False,False,Z
3469787,2019-03-05,ORF,LGA,9E,N678CA,5287,1445,1435,1630,1614,1504,1607,0,0,0,0,0,False,False,Z
3469788,2019-03-05,LGA,FLL,B6,N586JB,1171,1445,1447,1803,1752,1506,1740,0,0,0,0,0,False,False,Z
3469789,2019-03-05,IAH,LGA,YV,N86336,6313,1445,1444,1913,1918,1522,1912,0,0,0,0,0,False,False,Z
3469790,2019-03-05,LGA,BGR,9E,N980EV,5111,1446,1556,1627,1728,1622,1720,47,0,0,0,14,False,False,Z
3469791,2019-03-05,DFW,LGA,DL,N104DU,1176,1449,1526,1912,1945,1545,1933,18,0,0,0,15,False,False,Z
3469792,2019-03-05,SRQ,LGA,DL,N331NW,1380,1449,1444,1739,1706,1453,1701,0,0,0,0,0,False,False,Z
3469793,2019-03-05,CHO,LGA,9E,N8694A,5393,1450,1442,1614,1552,1454,1546,0,0,0,0,0,False,False,Z
3469794,2019-03-05,MDW,LGA,WN,N7732A,3536,1450,1459,1750,1755,1515,1749,0,0,0,0,0,False,False,Z
3469795,2019-03-05,LGA,MCI,9E,N607LR,3452,1451,1446,1722,1653,1503,1649,0,0,0,0,0,False,False,Z
3469796,2019-03-05,LGA,MSP,YX,N404YX,4500,1453,1443,1701,1637,1458,1631,0,0,0,0,0,False,False,Z
3469797,2019-03-05,BUF,LGA,9E,N310PQ,5148,1453,1448,1620,1621,1523,1614,0,0,0,0,0,False,False,Z
3469798,2019-03-05,LGA,MKE,OO,N282SY,3682,1454,1608,1632,1716,1618,1711,38,0,0,0,6,False,False,Z
3469799,2019-03-05,LGA,CLT,AA,N552UW,1893,1455,9999,1702,9999,9999,9999,9999,9999,9999,9999,9999,True,False,A
3469800,2019-03-05,RIC,LGA,9E,N297PQ,5463,1455,1443,1625,1557,1458,1547,0,0,0,0,0,False,False,Z
3469801,2019-03-05,DAL,LGA,WN,N411WN,1463,1455,1452,1915,1850,1504,1843,0,0,0,0,0,False,False,Z
3469802,2019-03-05,TYS,LGA,YX,N445YX,4589,1458,1455,1700,1656,1508,1644,0,0,0,0,0,False,False,Z
3469803,2019-03-05,LGA,DCA,YX,N202JQ,5938,1459,1534,1629,1722,1545,1634,35,0,18,0,0,False,False,Z
3469804,2019-03-05,LGA,BOS,YX,N208JQ,6113,1459,1454,1625,1558,1515,1549,0,0,0,0,0,False,False,Z
3469805,2019-03-05,BOS,LGA,AA,N952UW,2131,1500,1458,1626,1608,1516,1602,0,0,0,0,0,False,False,Z
3469806,2019-03-05,LGA,BOS,AA,N951UW,2166,1500,1454,1612,1552,1511,1546,0,0,0,0,0,False,False,Z
3469807,2019-03-05,LGA,ATL,DL,N332NW,928,1500,1528,1730,1745,1543,1739,15,0,0,0,0,False,False,Z
3469808,2019-03-05,RDU,LGA,OO,N262SY,3674,1500,1455,1658,1645,1529,1639,0,0,0,0,0,False,False,Z
3469809,2019-03-05,ORD,LGA,UA,N823UA,1642,1500,1455,1805,1745,1506,1741,0,0,0,0,0,False,False,Z
3469810,2019-03-05,LGA,ORD,UA,N836UA,765,1500,1454,1644,1611,1509,1605,0,0,0,0,0,False,False,Z
3469811,2019-03-05,DCA,LGA,YX,N133HQ,4322,1500,1452,1625,1558,1508,1548,0,0,0,0,0,False,False,Z
3469812,2019-03-05,LGA,DCA,YX,N102HQ,4324,1500,1459,1629,1610,1519,1607,0,0,0,0,0,False,False,Z
3469813,2019-03-05,DCA,LGA,YX,N882RW,5929,1500,1454,1632,1640,1546,1635,0,0,0,0,0,False,False,Z
3469814,2019-03-05,BOS,LGA,YX,N205JQ,6001,1500,1455,1625,1620,1523,1611,0,0,0,0,0,False,False,Z
3469815,2019-03-05,LGA,CLT,9E,N604LR,5385,1500,1457,1724,1654,1513,1650,0,0,0,0,0,False,False,Z
3469816,2019-03-05,LGA,DEN,WN,N443WN,491,1500,1504,1750,1720,1520,1716,0,0,0,0,0,False,False,Z
3469817,2019-03-05,LGA,DTW,MQ,N855AE,3888,1500,1457,1700,1658,1517,1644,0,0,0,0,0,False,False,Z
3469818,2019-03-05,IND,LGA,YX,N824MD,6041,1501,1455,1705,1653,1516,1648,0,0,0,0,0,False,False,Z
3469819,2019-03-05,PIT,LGA,MQ,N840AE,3770,1503,1519,1637,1652,1551,1646,0,0,0,0,15,False,False,Z
3469820,2019-03-05,LGA,DAL,WN,N7745A,1831,1505,1524,1815,1821,1536,1805,0,0,0,0,0,False,False,Z
3469821,2019-03-05,MSP,LGA,DL,N338DN,2243,1510,1505,1855,1830,1514,1821,0,0,0,0,0,False,False,Z
3469822,2019-03-05,LGA,CHS,YX,N875RW,5914,1510,1503,1736,1715,1523,1708,0,0,0,0,0,False,False,Z
3469823,2019-03-05,LGA,PIT,9E,N602LR,5501,1510,1501,1655,1636,1525,1627,0,0,0,0,0,False,False,Z
3469824,2019-03-05,LGA,TYS,9E,N315PQ,3324,1511,1509,1731,1720,1531,1714,0,0,0,0,0,False,False,Z
3469825,2019-03-05,LGA,PIT,MQ,N801AE,3440,1511,1458,1649,1630,1520,1625,0,0,0,0,0,False,False,Z
3469826,2019-03-05,LGA,GSO,MQ,N857AE,3741,1511,1509,1703,1650,1527,1647,0,0,0,0,0,False,False,Z
3469827,2019-03-05,LGA,ORD,OO,N264SY,4126,1515,1530,1700,1656,1541,1647,0,0,0,0,0,False,False,Z
3469828,2019-03-05,XNA,LGA,YX,N111HQ,4554,1517,1511,1919,1853,1518,1844,0,0,0,0,0,False,False,Z
3469829,2019-03-05,PBI,LGA,DL,N362NW,2321,1518,1518,1814,1754,1535,1746,0,0,0,0,0,False,False,Z
3469830,2019-03-05,LGA,RIC,OO,N270SY,3690,1520,1513,1703,1646,1529,1642,0,0,0,0,0,False,False,Z
3469831,2019-03-05,MIA,LGA,AA,N328RR,2809,1524,1523,1830,1804,1537,1757,0,0,0,0,0,False,False,Z
3469832,2019-03-05,LGA,GRR,YX,N214JQ,6002,1524,1521,1748,1720,1532,1714,0,0,0,0,0,False,False,Z
3469833,2019-03-05,BNA,LGA,OO,N289SY,3970,1525,1521,1844,1827,1532,1819,0,0,0,0,0,False,False,Z
3469834,2019-03-05,LGA,CLE,EV,N18556,4072,1525,1516,1718,1655,1533,1649,0,0,0,0,0,False,False,Z
3469835,2019-03-05,MEM,LGA,YX,N422YX,4659,1525,1521,1904,1849,1537,1835,0,0,0,0,0,False,False,Z
3469836,2019-03-05,FLL,LGA,DL,N335DN,857,1529,1534,1835,1818,1550,1807,0,0,0,0,0,False,False,Z
3469837,2019-03-05,ILM,LGA,MQ,N816AE,3943,1529,1524,1718,1703,1538,1652,0,0,0,0,0,False,False,Z
3469838,2019-03-05,BOS,LGA,B6,N187JB,1231,1529,1522,1656,1631,1541,1628,0,0,0,0,0,False,False,Z
3469839,2019-03-05,ORD,LGA,AA,N338PK,2433,1530,1541,1839,1838,1554,1831,0,0,0,0,0,False,False,Z
3469840,2019-03-05,ATL,LGA,DL,N373NW,668,1530,1532,1743,1736,1549,1724,0,0,0,0,0,False,False,Z
3469841,2019-03-05,ORD,LGA,DL,N989DN,1435,1530,1548,1832,1855,1601,1837,3,0,9,0,11,False,False,Z
3469842,2019-03-05,LGA,FLL,DL,N317US,1527,1530,1526,1853,1834,1539,1814,0,0,0,0,0,False,False,Z
3469843,2019-03-05,LGA,ROC,9E,N8908D,5141,1530,1520,1657,1639,1540,1629,0,0,0,0,0,False,False,Z
3469844,2019-03-05,LGA,TPA,WN,N789SW,1310,1530,1717,1840,2019,1734,2016,97,0,0,0,2,False,False,Z
3469845,2019-03-05,MKE,LGA,WN,N952WN,2054,1530,1521,1835,1821,1536,1816,0,0,0,0,0,False,False,Z
3469846,2019-03-05,ATL,LGA,WN,N299WN,1785,1530,1532,1745,1731,1543,1720,0,0,0,0,0,False,False,Z
3469847,2019-03-05,LGA,FLL,NK,N675NK,171,1530,1528,1846,1845,1548,1824,0,0,0,0,0,False,False,Z
3469848,2019-03-05,LGA,MIA,AA,N166NN,1626,1531,1529,1856,1824,1542,1819,0,0,0,0,0,False,False,Z
3469849,2019-03-05,DAY,LGA,OH,N229PS,5450,1533,1540,1737,1722,1549,1716,0,0,0,0,0,False,False,Z
3469850,2019-03-05,SDF,LGA,MQ,N812AE,3659,1535,1527,1744,1715,1535,1709,0,0,0,0,0,False,False,Z
3469851,2019-03-05,DFW,LGA,AA,N981AN,2716,1537,1535,1959,1930,1546,1926,0,0,0,0,0,False,False,Z
3469852,2019-03-05,LGA,IAH,UA,N847UA,833,1540,1533,1855,1836,1547,1827,0,0,0,0,0,False,False,Z
3469853,2019-03-05,LGA,SAV,9E,N934XJ,5114,1540,1535,1812,1753,1553,1748,0,0,0,0,0,False,False,Z
3469854,2019-03-05,DTW,LGA,MQ,N827AE,3392,1540,1548,1738,1759,1638,1753,0,0,13,0,8,False,False,Z
3469855,2019-03-05,TPA,LGA,DL,N356NW,403,1543,1543,1829,1817,1559,1803,0,0,0,0,0,False,False,Z
3469856,2019-03-05,CLE,LGA,MQ,N809AE,4023,1543,1539,1724,1717,1604,1711,0,0,0,0,0,False,False,Z
3469857,2019-03-05,DTW,LGA,DL,N329NW,2942,1545,1541,1739,1736,1613,1726,0,0,0,0,0,False,False,Z
3469858,2019-03-05,LGA,RDU,YX,N434YX,4565,1546,1537,1738,1714,1551,1708,0,0,0,0,0,False,False,Z
3469859,2019-03-05,LGA,CLT,AA,N112US,1862,1553,1548,1808,1739,1602,1734,0,0,0,0,0,False,False,Z
3469860,2019-03-05,LGA,PBI,DL,N309US,2459,1555,1544,1905,1838,1604,1833,0,0,0,0,0,False,False,Z
3469861,2019-03-05,LGA,TPA,DL,N326US,2604,1555,1658,1857,1948,1714,1946,0,0,0,0,51,False,False,Z
3469862,2019-03-05,LGA,GSO,OO,N275SY,4077,1557,1555,1757,1735,1611,1731,0,0,0,0,0,False,False,Z
3469863,2019-03-05,DEN,LGA,UA,N469UA,406,1558,1556,2130,2121,1605,2112,0,0,0,0,0,False,False,Z
3469864,2019-03-05,LGA,DFW,AA,N991AU,1608,1559,1551,1913,1903,1613,1840,0,0,0,0,0,False,False,Z
3469865,2019-03-05,LGA,ATL,DL,N352NW,870,1559,1552,1836,1823,1617,1817,0,0,0,0,0,False,False,Z
3469866,2019-03-05,DCA,LGA,YX,N818MD,5930,1559,1556,1724,1706,1620,1700,0,0,0,0,0,False,False,Z
3469867,2019-03-05,LGA,DCA,YX,N874RW,5943,1559,1549,1728,1709,1608,1657,0,0,0,0,0,False,False,Z
3469868,2019-03-05,BOS,LGA,YX,N860RW,6004,1559,1613,1716,1752,1647,1737,14,0,22,0,0,False,False,Z
3469869,2019-03-05,LGA,BOS,AA,N954UW,2128,1600,1551,1719,1651,1607,1647,0,0,0,0,0,False,False,Z
3469870,2019-03-05,BOS,LGA,AA,N958UW,2146,1600,1554,1724,1710,1620,1706,0,0,0,0,0,False,False,Z
3469871,2019-03-05,LGA,ORD,UA,N899UA,741,1600,2013,1747,2128,2032,2123,24,0,0,0,197,False,False,Z
3469872,2019-03-05,ORD,LGA,UA,N832UA,639,1600,1555,1905,1855,1614,1849,0,0,0,0,0,False,False,Z
3469873,2019-03-05,LGA,DCA,YX,N407YX,4319,1600,1545,1729,1659,1557,1650,0,0,0,0,0,False,False,Z
3469874,2019-03-05,DCA,LGA,YX,N437YX,4329,1600,1558,1723,1712,1623,1708,0,0,0,0,0,False,False,Z
3469875,2019-03-05,LGA,BOS,YX,N216JQ,6020,1600,1552,1725,1713,1615,1656,0,0,0,0,0,False,False,Z
3469876,2019-03-05,CLT,LGA,YX,N868RW,6110,1600,1555,1808,1737,1614,1730,0,0,0,0,0,False,False,Z
3469877,2019-03-05,CLE,LGA,9E,N336PQ,3343,1600,1555,1738,1751,1628,1738,0,0,0,0,0,False,False,Z
3469878,2019-03-05,LGA,BUF,9E,N927XJ,3498,1600,1556,1738,1704,1607,1659,0,0,0,0,0,False,False,Z
3469879,2019-03-05,LGA,PBI,B6,N606JB,761,1600,1551,1907,1846,1610,1842,0,0,0,0,0,False,False,Z
3469880,2019-03-05,FLL,LGA,B6,N267JB,1272,1601,1722,1859,2006,1740,2005,46,0,0,0,21,False,False,Z
3469881,2019-03-05,CLT,LGA,AA,N586UW,1722,1604,1600,1800,1731,1613,1728,0,0,0,0,0,False,False,Z
3469882,2019-03-05,RSW,LGA,DL,N378NW,1529,1605,1605,1909,1840,1613,1833,0,0,0,0,0,False,False,Z
3469883,2019-03-05,DTW,LGA,NK,N634NK,347,1606,1606,1754,1818,1651,1802,0,0,24,0,0,False,False,Z
3469884,2019-03-05,STL,LGA,YX,N402YX,4576,1608,1606,1940,1929,1619,1922,0,0,0,0,0,False,False,Z
3469885,2019-03-05,RIC,LGA,MQ,N851AE,3818,1609,1608,1748,1730,1628,1718,0,0,0,0,0,False,False,Z
3469886,2019-03-05,LGA,CMH,YX,N210JQ,6131,1610,1602,1812,1803,1627,1751,0,0,0,0,0,False,False,Z
3469887,2019-03-05,LGA,PWM,MQ,N837AE,3693,1610,1602,1733,1709,1621,1707,0,0,0,0,0,False,False,Z
3469888,2019-03-05,LGA,MIA,DL,N355DN,2171,1612,1605,1934,1913,1623,1904,0,0,0,0,0,False,False,Z
3469889,2019-03-05,SYR,LGA,OO,N292SY,4221,1612,1606,1730,1720,1629,1710,0,0,0,0,0,False,False,Z
3469890,2019-03-05,LGA,ORD,OO,N267SY,3749,1615,1628,1800,1751,1642,1743,0,0,0,0,0,False,False,Z
3469891,2019-03-05,CMH,LGA,YX,N211JQ,5905,1615,1614,1801,1804,1641,1755,0,0,0,0,0,False,False,Z
3469892,2019-03-05,LGA,MDW,WN,N7876A,1764,1615,1610,1755,1722,1625,1717,0,0,0,0,0,False,False,Z
3469893,2019-03-05,CLE,LGA,EV,N14905,4106,1620,1611,1802,1751,1634,1744,0,0,0,0,0,False,False,Z
3469894,2019-03-05,LGA,BNA,WN,N7739A,426,1620,1616,1810,1735,1629,1731,0,0,0,0,0,False,False,Z
3469895,2019-03-05,LGA,DTW,MQ,N817AE,3623,1622,1629,1830,1853,1719,1845,0,0,16,0,7,False,False,Z
3469896,2019-03-05,DEN,LGA,DL,N3759,2862,1625,1632,2213,2201,1643,2145,0,0,0,0,0,False,False,Z
3469897,2019-03-05,IAH,LGA,UA,N17753,2094,1625,1624,2043,2036,1646,2031,0,0,0,0,0,False,False,Z
3469898,2019-03-05,RDU,LGA,YX,N444YX,4652,1627,1620,1819,1748,1634,1740,0,0,0,0,0,False,False,Z
3469899,2019-03-05,PIT,LGA,9E,N301PQ,5352,1627,1619,1757,1747,1634,1734,0,0,0,0,0,False,False,Z
3469900,2019-03-05,LGA,BNA,YX,N419YX,4491,1628,1616,1809,1741,1632,1734,0,0,0,0,0,False,False,Z
3469901,2019-03-05,LGA,MCO,B6,N590JB,299,1628,1753,1929,2053,1811,2040,41,0,0,0,43,False,False,Z
3469902,2019-03-05,FLL,LGA,NK,N620NK,174,1628,1623,1928,1925,1636,1901,0,0,0,0,0,False,False,Z
3469903,2019-03-05,LGA,PIT,YX,N424YX,4637,1629,1622,1808,1745,1634,1738,0,0,0,0,0,False,False,Z
3469904,2019-03-05,LGA,STL,9E,N914XJ,3385,1629,1613,1822,1750,1630,1745,0,0,0,0,0,False,False,Z
3469905,2019-03-05,ORD,LGA,AA,N959NN,30,1630,1632,1938,1929,1644,1924,0,0,0,0,0,False,False,Z
3469906,2019-03-05,LGA,ORD,AA,N955AN,2479,1630,1623,1817,1753,1638,1740,0,0,0,0,0,False,False,Z
3469907,2019-03-05,ATL,LGA,DL,N333NW,2948,1630,1639,1849,1838,1650,1828,0,0,0,0,0,False,False,Z
3469908,2019-03-05,ORD,LGA,OO,N269SY,4268,1630,1627,1939,1924,1640,1917,0,0,0,0,0,False,False,Z
3469909,2019-03-05,LGA,ORD,UA,N15712,1821,1630,1630,1820,1805,1650,1748,0,0,0,0,0,False,False,Z
3469910,2019-03-05,IAH,LGA,YX,N204JQ,6008,1630,1628,2112,2109,1651,2037,0,0,0,0,0,False,False,Z
3469911,2019-03-05,LGA,RDU,9E,N906XJ,3328,1630,1622,1825,1806,1635,1759,0,0,0,0,0,False,False,Z
3469912,2019-03-05,CVG,LGA,9E,N138EV,3453,1633,1628,1829,1819,1641,1806,0,0,0,0,0,False,False,Z
3469913,2019-03-05,CMH,LGA,OH,N213PS,5378,1634,1628,1824,1836,1652,1813,0,0,0,0,0,False,False,Z
3469914,2019-03-05,LGA,MSP,DL,N322US,1875,1639,1633,1859,1823,1646,1816,0,0,0,0,0,False,False,Z
3469915,2019-03-05,LGA,BNA,OO,N291SY,3550,1639,1641,1820,1807,1657,1805,0,0,0,0,0,False,False,Z
3469916,2019-03-05,LGA,CMH,MQ,N825AE,3851,1640,1811,1840,1955,1828,1950,0,0,0,0,75,False,False,Z
3469917,2019-03-05,LGA,MIA,AA,N302SA,2392,1645,1640,2010,2010,1655,1935,0,0,0,0,0,False,False,Z
3469918,2019-03-05,DFW,LGA,AA,N902AA,1011,1647,1653,2111,2047,1704,2043,0,0,0,0,0,False,False,Z
3469919,2019-03-05,LGA,DTW,NK,N651NK,922,1649,1643,1857,1836,1653,1815,0,0,0,0,0,False,False,Z
3469920,2019-03-05,BNA,LGA,WN,N234WN,1552,1650,1649,1955,1952,1658,1939,0,0,0,0,0,False,False,Z
3469921,2019-03-05,BHM,LGA,OO,N286SY,4933,1655,1655,2030,2022,1720,2011,0,0,0,0,0,False,False,Z
3469922,2019-03-05,LGA,ORF,9E,N8694A,5313,1655,1645,1824,1805,1659,1801,0,0,0,0,0,False,False,Z
3469923,2019-03-05,LGA,ATL,WN,N7863A,2165,1655,1651,1935,1912,1702,1901,0,0,0,0,0,False,False,Z
3469924,2019-03-05,LGA,HOU,WN,N923WN,1663,1655,1653,2015,1945,1707,1941,0,0,0,0,0,False,False,Z
3469925,2019-03-05,MIA,LGA,DL,N349DX,1417,1657,1656,1959,1947,1705,1928,0,0,0,0,0,False,False,Z
3469926,2019-03-05,MIA,LGA,AA,N931NN,332,1658,1654,2000,1946,1713,1937,0,0,0,0,0,False,False,Z
3469927,2019-03-05,LGA,DFW,AA,N994AN,1187,1659,1649,2006,1946,1704,1934,0,0,0,0,0,False,False,Z
3469928,2019-03-05,LGA,ATL,DL,N336NW,896,1659,1713,1936,1939,1730,1927,0,0,0,0,0,False,False,Z
3469929,2019-03-05,LGA,DCA,YX,N869RW,5944,1659,1654,1827,1813,1710,1756,0,0,0,0,0,False,False,Z
3469930,2019-03-05,STL,LGA,9E,N153PQ,3375,1659,1647,2030,2033,1701,2000,0,0,0,0,0,False,False,Z
3469931,2019-03-05,LGA,MCI,9E,N336PQ,3448,1659,1832,1928,2041,1856,2034,63,0,0,0,10,False,False,Z
3469932,2019-03-05,LGA,BOS,AA,N952UW,2141,1700,1654,1818,1754,1708,1743,0,0,0,0,0,False,False,Z
3469933,2019-03-05,BOS,LGA,AA,N951UW,2172,1700,1656,1830,1833,1728,1815,0,0,0,0,0,False,False,Z
3469934,2019-03-05,MSY,LGA,DL,N348NW,2056,1700,1659,2105,2048,1715,2033,0,0,0,0,0,False,False,Z
3469935,2019-03-05,LGA,ORD,UA,N453UA,2010,1700,2001,1850,2206,2058,2157,0,0,15,0,181,False,False,Z
3469936,2019-03-05,ORD,LGA,UA,N896UA,263,1700,1652,2005,1953,1708,1947,0,0,0,0,0,False,False,Z
3469937,2019-03-05,LGA,DCA,YX,N133HQ,4322,1700,1651,1827,1756,1705,1752,0,0,0,0,0,False,False,Z
3469938,2019-03-05,DCA,LGA,YX,N426YX,4327,1700,1651,1823,1759,1707,1752,0,0,0,0,0,False,False,Z
3469939,2019-03-05,DCA,LGA,YX,N202JQ,5935,1700,1752,1824,1916,1819,1904,35,0,0,0,17,False,False,Z
3469940,2019-03-05,DFW,LGA,YX,N878RW,5989,1700,1656,2123,2057,1705,2048,0,0,0,0,0,False,False,Z
3469941,2019-03-05,LGA,BOS,YX,N215JQ,6021,1700,1657,1824,1818,1711,1752,0,0,0,0,0,False,False,Z
3469942,2019-03-05,BOS,LGA,YX,N208JQ,6120,1700,1750,1826,1910,1813,1900,44,0,0,0,0,False,False,Z
3469943,2019-03-05,LGA,CLT,9E,N310PQ,5350,1700,1656,1916,1901,1715,1851,0,0,0,0,0,False,False,Z
3469944,2019-03-05,RDU,LGA,9E,N324PQ,5076,1700,1656,1849,1837,1721,1826,0,0,0,0,0,False,False,Z
3469945,2019-03-05,LGA,ORF,MQ,N807AE,3874,1700,1700,1828,1827,1717,1818,0,0,0,0,0,False,False,Z
3469946,2019-03-05,MKE,LGA,OO,N282SY,3706,1702,1757,2019,2115,1818,2102,11,0,1,0,44,False,False,Z
3469947,2019-03-05,IAD,LGA,YV,N516LR,6334,1705,1702,1848,1819,1727,1809,0,0,0,0,0,False,False,Z
3469948,2019-03-05,LGA,PIT,9E,N297PQ,5080,1707,1703,1850,1846,1736,1838,0,0,0,0,0,False,False,Z
3469949,2019-03-05,LGA,CVG,9E,N937XJ,3485,1710,1709,1926,1910,1728,1906,0,0,0,0,0,False,False,Z
3469950,2019-03-05,BOS,LGA,B6,N339JB,1331,1710,1710,1841,1820,1730,1818,0,0,0,0,0,False,False,Z
3469951,2019-03-05,BGR,LGA,9E,N980EV,5116,1712,1754,1850,1937,1809,1928,0,0,5,0,42,False,False,Z
3469952,2019-03-05,LGA,ORD,DL,N954AT,1440,1715,1725,1851,1857,1746,1846,0,0,0,0,0,False,False,Z
3469953,2019-03-05,LGA,DTW,DL,N343NW,2042,1716,1710,1921,1904,1733,1857,0,0,0,0,0,False,False,Z
3469954,2019-03-05,LGA,CLT,AA,N978UY,2068,1717,1708,1927,1902,1722,1855,0,0,0,0,0,False,False,Z
3469955,2019-03-05,GSP,LGA,YX,N206JQ,6044,1719,1725,1925,1912,1735,1855,0,0,0,0,0,False,False,Z
3469956,2019-03-05,LGA,DEN,WN,N788SA,687,1720,1714,2010,1929,1724,1921,0,0,0,0,0,False,False,Z
3469957,2019-03-05,MDW,LGA,WN,N261WN,388,1720,1749,2020,2051,1805,2039,0,0,2,0,29,False,False,Z
3469958,2019-03-05,LGA,CLE,OO,N292SY,4214,1722,1751,1918,1929,1809,1922,0,0,0,0,0,False,False,Z
3469959,2019-03-05,LGA,IAH,UA,N496UA,1270,1722,1719,2037,2016,1732,2004,0,0,0,0,0,False,False,Z
3469960,2019-03-05,MIA,LGA,AA,N335RT,1311,1723,1719,2030,2010,1736,2001,0,0,0,0,0,False,False,Z
3469961,2019-03-05,PIT,LGA,MQ,N801AE,3815,1724,1718,1900,1856,1749,1847,0,0,0,0,0,False,False,Z
3469962,2019-03-05,XNA,LGA,9E,N228PQ,5402,1725,1740,2119,2131,1757,2119,0,0,0,0,0,False,False,Z
3469963,2019-03-05,SDF,LGA,OO,N284SY,3774,1727,1718,1937,1925,1734,1911,0,0,0,0,0,False,False,Z
3469964,2019-03-05,ROC,LGA,9E,N8908D,5144,1727,1719,1850,1855,1742,1829,0,0,0,0,0,False,False,Z
3469965,2019-03-05,LGA,MIA,AA,N992AN,1389,1729,1722,2050,2046,1745,2032,0,0,0,0,0,False,False,Z
3469966,2019-03-05,LGA,ORD,AA,N927NN,1120,1729,1724,1920,1856,1737,1839,0,0,0,0,0,False,False,Z
3469967,2019-03-05,LGA,ATL,DL,N330DX,2210,1729,1729,2008,1950,1749,1945,0,0,0,0,0,False,False,Z
3469968,2019-03-05,LGA,RDU,YX,N815MD,6049,1729,1726,1924,1911,1740,1901,0,0,0,0,0,False,False,Z
3469969,2019-03-05,DTW,LGA,MQ,N855AE,3888,1729,1724,1922,1945,1814,1932,0,0,23,0,0,False,False,Z
3469970,2019-03-05,ORD,LGA,AA,N850NN,294,1730,1727,2040,2029,1738,2014,0,0,0,0,0,False,False,Z
3469971,2019-03-05,MCO,LGA,DL,N327DN,1818,1730,1730,2014,2002,1745,1945,0,0,0,0,0,False,False,Z
3469972,2019-03-05,LGA,DFW,DL,N105DU,2674,1730,1738,2049,2027,1751,2015,0,0,0,0,0,False,False,Z
3469973,2019-03-05,ATL,LGA,DL,N314DN,2951,1730,1726,1950,1928,1742,1920,0,0,0,0,0,False,False,Z
3469974,2019-03-05,ORD,LGA,OO,N264SY,3783,1730,1730,2041,2036,1744,2021,0,0,0,0,0,False,False,Z
3469975,2019-03-05,MSN,LGA,YX,N810MD,6048,1730,1729,2041,2050,1751,2036,0,0,0,0,0,False,False,Z
3469976,2019-03-05,RIC,LGA,OO,N270SY,3645,1735,1719,1859,1836,1737,1825,0,0,0,0,0,False,False,Z
3469977,2019-03-05,DEN,LGA,UA,N491UA,1013,1735,1735,2310,2300,1749,2254,0,0,0,0,0,False,False,Z
3469978,2019-03-05,LGA,DAL,WN,N789SW,1414,1735,9999,2040,9999,9999,9999,9999,9999,9999,9999,9999,True,False,A
3469979,2019-03-05,LGA,BOS,B6,N187JB,1232,1735,1727,1857,1835,1743,1824,0,0,0,0,0,False,False,Z
3469980,2019-03-05,MSP,LGA,YX,N404YX,4500,1736,1730,2129,2104,1742,2050,0,0,0,0,0,False,False,Z
3469981,2019-03-05,IAH,LGA,UA,N12754,251,1737,1729,2159,2127,1742,2123,0,0,0,0,0,False,False,Z
3469982,2019-03-05,DFW,LGA,AA,N146AA,1191,1738,1737,2200,2130,1750,2126,0,0,0,0,0,False,False,Z
3469983,2019-03-05,LGA,MKE,OO,N262SY,3685,1738,1730,1912,1853,1756,1846,0,0,0,0,0,False,False,Z
3469984,2019-03-05,GSO,LGA,MQ,N857AE,3741,1738,1728,1924,1856,1740,1846,0,0,0,0,0,False,False,Z
3469985,2019-03-05,OMA,LGA,9E,N311PQ,5264,1739,1734,2137,2126,1742,2100,0,0,0,0,0,False,False,Z
3469986,2019-03-05,MEM,LGA,YX,N880RW,6017,1740,1736,2120,2102,1751,2053,0,0,0,0,0,False,False,Z
3469987,2019-03-05,PIT,LGA,9E,N904XJ,3317,1740,1730,1918,1918,1802,1858,0,0,0,0,0,False,False,Z
3469988,2019-03-05,MSP,LGA,DL,N319NB,2276,1743,1737,2129,2110,1749,2056,0,0,0,0,0,False,False,Z
3469989,2019-03-05,ORD,LGA,NK,N609NK,630,1743,1739,2059,2036,1749,2023,0,0,0,0,0,False,False,Z
3469990,2019-03-05,DEN,LGA,WN,N235WN,256,1745,1739,2325,2303,1755,2257,0,0,0,0,0,False,False,Z
3469991,2019-03-05,CVG,LGA,MQ,N852AE,3688,1745,1735,1948,1921,1745,1915,0,0,0,0,0,False,False,Z
3469992,2019-03-05,MCO,LGA,B6,N657JB,1198,1745,2021,2029,2243,2038,2241,134,0,0,0,0,False,False,Z
3469993,2019-03-05,LGA,IND,YX,N824MD,6024,1749,1741,2013,1950,1758,1944,0,0,0,0,0,False,False,Z
3469994,2019-03-05,LGA,RIC,MQ,N809AE,3949,1750,1745,1922,1910,1801,1903,0,0,0,0,0,False,False,Z
3469995,2019-03-05,JAX,LGA,9E,N330PQ,5427,1751,1746,2017,2001,1800,1951,0,0,0,0,0,False,False,Z
3469996,2019-03-05,LGA,MEM,MQ,N821AE,3473,1754,1756,2004,2000,1820,1957,0,0,0,0,0,False,False,Z
3469997,2019-03-05,LGA,STL,WN,N7826B,956,1755,2104,1950,2236,2120,2232,0,0,0,0,166,False,False,Z
3469998,2019-03-05,IND,LGA,MQ,N808AE,3836,1756,1938,2009,2136,1952,2128,83,0,0,0,4,False,False,Z
3469999,2019-03-05,FLL,LGA,B6,N594JB,672,1758,2041,2059,2324,2103,2320,81,0,0,0,64,False,False,Z
3470000,2019-03-05,BOS,LGA,AA,N954UW,2157,1759,1752,1928,1917,1816,1908,0,0,0,0,0,False,False,Z
3470001,2019-03-05,LGA,DFW,AA,N9022G,1164,1759,1820,2105,2126,1853,2116,21,0,0,0,0,False,False,Z
3470002,2019-03-05,LGA,ATL,DL,N360DN,663,1759,1750,2038,2023,1815,2016,0,0,0,0,0,False,False,Z
3470003,2019-03-05,LGA,MSY,DL,N361NB,2528,1759,1822,2025,2042,1845,2038,0,0,0,0,17,False,False,Z
3470004,2019-03-05,LGA,ATL,F9,N304FR,419,1759,1826,2052,2106,1902,2055,0,0,0,0,0,False,False,Z
3470005,2019-03-05,LGA,STL,YX,N445YX,4557,1759,1755,1954,1943,1816,1936,0,0,0,0,0,False,False,Z
3470006,2019-03-05,LGA,DCA,YX,N818MD,5941,1759,1756,1925,1918,1821,1910,0,0,0,0,0,False,False,Z
3470007,2019-03-05,LGA,BOS,YX,N860RW,5955,1759,1825,1920,1926,1838,1917,0,0,0,0,0,False,False,Z
3470008,2019-03-05,MCI,LGA,9E,N607LR,5170,1759,1754,2145,2130,1804,2117,0,0,0,0,0,False,False,Z
3470009,2019-03-05,LGA,CHO,MQ,N816AE,3604,1759,1750,1926,1912,1812,1909,0,0,0,0,0,False,False,Z
3470010,2019-03-05,LGA,BOS,AA,N958UW,2151,1800,1754,1916,1855,1806,1847,0,0,0,0,0,False,False,Z
3470011,2019-03-05,LGA,GSO,OO,N272SY,3815,1800,1900,1955,2057,1935,2053,0,0,2,0,60,False,False,Z
3470012,2019-03-05,LGA,ORD,UA,N842UA,1709,1800,1753,1950,1914,1804,1903,0,0,0,0,0,False,False,Z
3470013,2019-03-05,ORD,LGA,UA,N850UA,692,1800,1752,2105,2049,1808,2042,0,0,0,0,0,False,False,Z
3470014,2019-03-05,DCA,LGA,YX,N407YX,4326,1800,1753,1923,1924,1829,1916,0,0,0,0,0,False,False,Z
3470015,2019-03-05,LGA,DCA,YX,N437YX,4330,1800,1751,1930,1902,1807,1855,0,0,0,0,0,False,False,Z
3470016,2019-03-05,LGA,CMH,YX,N870RW,5890,1800,1752,1959,1937,1813,1934,0,0,0,0,0,False,False,Z
3470017,2019-03-05,DCA,LGA,YX,N874RW,5936,1800,1754,1935,1953,1853,1941,0,0,18,0,0,False,False,Z
3470018,2019-03-05,BOS,LGA,YX,N216JQ,6115,1800,1757,1923,1926,1831,1919,0,0,0,0,0,False,False,Z
3470019,2019-03-05,CLT,LGA,9E,N604LR,5284,1800,1748,2013,1954,1819,1935,0,0,0,0,0,False,False,Z
3470020,2019-03-05,DTW,LGA,DL,N320US,2945,1806,1758,1955,1947,1823,1936,0,0,0,0,0,False,False,Z
3470021,2019-03-05,TYS,LGA,9E,N315PQ,3319,1806,1808,2019,1955,1820,1944,0,0,0,0,0,False,False,Z
3470022,2019-03-05,LGA,ATL,YX,N112HQ,4439,1808,1801,2047,2036,1825,2027,0,0,0,0,0,False,False,Z
3470023,2019-03-05,RDU,LGA,YX,N434YX,4565,1808,1800,2002,2000,1845,1953,0,0,0,0,0,False,False,Z
3470024,2019-03-05,PWM,LGA,MQ,N837AE,3693,1809,1758,1940,1916,1812,1910,0,0,0,0,0,False,False,Z
3470025,2019-03-05,LGA,ORF,9E,N678CA,5502,1810,1814,1941,1948,1846,1942,0,0,0,0,0,False,False,Z
3470026,2019-03-05,CLT,LGA,AA,N150UW,2836,1811,1811,2013,1948,1825,1942,0,0,0,0,0,False,False,Z
3470027,2019-03-05,IND,LGA,YX,N809MD,5983,1813,1812,2019,2045,1841,2012,0,0,26,0,0,False,False,Z
3470028,2019-03-05,CHS,LGA,YX,N875RW,6045,1813,1805,2019,2018,1824,1955,0,0,0,0,0,False,False,Z
3470029,2019-03-05,LGA,DAY,OH,N229PS,5503,1813,1810,2015,2004,1824,1958,0,0,0,0,0,False,False,Z
3470030,2019-03-05,BUF,LGA,9E,N927XJ,5149,1814,1810,1938,2000,1859,1948,0,0,22,0,0,False,False,Z
3470031,2019-03-05,CLE,LGA,MQ,N818AE,3773,1814,1808,2004,2013,1840,1950,0,0,0,0,0,False,False,Z
3470032,2019-03-05,LGA,ORD,OO,N263SY,3744,1815,1910,2000,2046,1937,2036,0,0,0,0,46,False,False,Z
3470033,2019-03-05,LGA,IAH,YX,N205JQ,6005,1815,1819,2135,2111,1832,2103,0,0,0,0,0,False,False,Z
3470034,2019-03-05,LGA,DEN,UA,N455UA,2416,1820,1811,2056,2033,1827,2023,0,0,0,0,0,False,False,Z
3470035,2019-03-05,LGA,PIT,YX,N447YX,4600,1821,1812,2000,1946,1835,1938,0,0,0,0,0,False,False,Z
3470036,2019-03-05,GRR,LGA,YX,N214JQ,6006,1821,1813,2019,2043,1905,2032,0,0,24,0,0,False,False,Z
3470037,2019-03-05,MIA,LGA,AA,N343RY,43,1822,1852,2129,2138,1911,2134,0,0,0,0,0,False,False,Z
3470038,2019-03-05,LGA,MCI,WN,N299WN,1785,1825,1819,2050,2033,1839,2022,0,0,0,0,0,False,False,Z
3470039,2019-03-05,LGA,CLE,MQ,N812AE,3751,1825,1814,2017,2005,1837,1953,0,0,0,0,0,False,False,Z
3470040,2019-03-05,CMH,LGA,MQ,N842AE,4093,1826,1815,2022,2012,1832,1957,0,0,0,0,0,False,False,Z
3470041,2019-03-05,GSO,LGA,OO,N275SY,4040,1827,1816,2015,2028,1859,2006,0,0,0,0,0,False,False,Z
3470042,2019-03-05,LGA,MCO,DL,N313DN,1552,1828,1840,2133,2130,1859,2120,0,0,0,0,0,False,False,Z
3470043,2019-03-05,LGA,DTW,DL,N356NW,888,1829,1925,2042,2115,1949,2110,33,0,0,0,0,False,False,Z
3470044,2019-03-05,LGA,FLL,DL,N329NW,1557,1829,1825,2147,2121,1841,2117,0,0,0,0,0,False,False,Z
3470045,2019-03-05,LGA,DEN,DL,N3752,2956,1829,1826,2113,2050,1840,2042,0,0,0,0,0,False,False,Z
3470046,2019-03-05,LGA,RDU,9E,N349PQ,3329,1829,1828,2025,2009,1850,2004,0,0,0,0,0,False,False,Z
3470047,2019-03-05,LGA,RDU,MQ,N851AE,3482,1829,1823,2020,2010,1851,2006,0,0,0,0,0,False,False,Z
3470048,2019-03-05,LGA,CVG,MQ,N827AE,3610,1829,1826,2047,2037,1848,2031,0,0,0,0,0,False,False,Z
3470049,2019-03-05,DFW,LGA,AA,N155NN,2708,1830,1827,2300,2227,1841,2223,0,0,0,0,0,False,False,Z
3470050,2019-03-05,ORD,LGA,AA,N998NN,2397,1830,1841,2140,2145,1901,2139,0,0,0,0,0,False,False,Z
3470051,2019-03-05,ATL,LGA,DL,N358NW,2963,1830,1847,2050,2057,1902,2040,0,0,0,0,0,False,False,Z
3470052,2019-03-05,ORD,LGA,OO,N267SY,3799,1830,1826,2141,2135,1848,2127,0,0,0,0,0,False,False,Z
3470053,2019-03-05,LGA,ORD,AA,N965AN,380,1830,1819,2019,1951,1833,1934,0,0,0,0,0,False,False,Z
3470054,2019-03-05,BNA,LGA,OO,N277SY,3553,1835,1910,2154,2211,1926,2205,0,0,0,0,17,False,False,Z
3470055,2019-03-05,DAL,LGA,WN,N428WN,1041,1835,1841,2240,2235,1848,2230,0,0,0,0,0,False,False,Z
3470056,2019-03-05,LGA,CLE,EV,N14905,4235,1840,1825,2033,2015,1854,2008,0,0,0,0,0,False,False,Z
3470057,2019-03-05,BNA,LGA,YX,N419YX,4491,1840,1829,2200,2128,1844,2121,0,0,0,0,0,False,False,Z
3470058,2019-03-05,LGA,STL,9E,N301PQ,3380,1840,1830,2039,2022,1900,2015,0,0,0,0,0,False,False,Z
3470059,2019-03-05,LGA,MYR,NK,N634NK,347,1844,1901,2046,2111,1934,2106,0,0,25,0,0,False,False,Z
3470060,2019-03-05,MIA,LGA,F9,N338FR,2880,1847,1844,2200,2146,1901,2130,0,0,0,0,0,False,False,Z
3470061,2019-03-05,IAH,LGA,YX,N203JQ,6074,1850,1843,2320,2317,1926,2311,0,0,0,0,0,False,False,Z
3470062,2019-03-05,CMH,LGA,YX,N210JQ,6129,1850,1843,2031,2113,1909,2025,0,0,42,0,0,False,False,Z
3470063,2019-03-05,SAV,LGA,9E,N934XJ,5122,1850,1845,2108,2042,1856,2026,0,0,0,0,0,False,False,Z
3470064,2019-03-05,LGA,IAH,UA,N481UA,1167,1855,1842,2201,2130,1903,2126,0,0,0,0,0,False,False,Z
3470065,2019-03-05,HOU,LGA,WN,N424WN,1100,1855,1853,2315,2252,1902,2245,0,0,0,0,0,False,False,Z
3470066,2019-03-05,LGA,MDW,WN,N7732A,615,1855,1854,2035,2017,1913,2009,0,0,0,0,0,False,False,Z
3470067,2019-03-05,PBI,LGA,B6,N630JB,1262,1855,1906,2146,2140,1917,2138,0,0,0,0,0,False,False,Z
3470068,2019-03-05,LGA,CLT,AA,N586UW,1722,1856,1928,2106,2139,1956,2134,32,0,1,0,0,False,False,Z
3470069,2019-03-05,LGA,DFW,AA,N861NN,2822,1859,1853,2212,2144,1910,2133,0,0,0,0,0,False,False,Z
3470070,2019-03-05,LGA,ATL,DL,N373NW,773,1859,1854,2138,2117,1915,2111,0,0,0,0,0,False,False,Z
3470071,2019-03-05,LGA,MEM,OO,N284SY,4219,1859,2003,2111,2159,2026,2156,48,0,0,0,0,False,False,Z
3470072,2019-03-05,LGA,DTW,YX,N444YX,4598,1859,1851,2109,2051,1918,2041,0,0,0,0,0,False,False,Z
3470073,2019-03-05,LGA,DCA,YX,N202JQ,5942,1859,1943,2024,2055,2002,2052,17,0,0,0,14,False,False,Z
3470074,2019-03-05,LGA,BOS,YX,N215JQ,6111,1859,2143,2028,2247,2159,2238,123,0,0,0,16,False,False,Z
3470075,2019-03-05,LGA,CLT,YX,N868RW,6123,1859,1852,2115,2114,1927,2109,0,0,0,0,0,False,False,Z
3470076,2019-03-05,STL,LGA,9E,N914XJ,3378,1859,1839,2220,2200,1856,2149,0,0,0,0,0,False,False,Z
3470077,2019-03-05,LGA,JAX,9E,N348PQ,5429,1859,1855,2145,2141,1929,2137,0,0,0,0,0,False,False,Z
3470078,2019-03-05,LGA,CAK,OH,N213PS,5541,1859,1900,2040,2036,1922,2032,0,0,0,0,0,False,False,Z
3470079,2019-03-05,LGA,BOS,AA,N951UW,2122,1900,1858,2020,2011,1925,2006,0,0,0,0,0,False,False,Z
3470080,2019-03-05,BOS,LGA,AA,N952UW,2141,1900,1854,2030,2029,1927,2013,0,0,0,0,0,False,False,Z
3470081,2019-03-05,DFW,LGA,DL,N103DU,2463,1900,1925,2326,2330,1943,2323,0,0,0,0,0,False,False,Z
3470082,2019-03-05,ORD,LGA,UA,N16703,1823,1900,1848,2204,2149,1908,2144,0,0,0,0,0,False,False,Z
3470083,2019-03-05,LGA,ORD,UA,N823UA,693,1900,1849,2056,2018,1908,2002,0,0,0,0,0,False,False,Z
3470084,2019-03-05,DCA,LGA,YX,N403YX,4320,1900,1858,2025,2024,1927,2009,0,0,0,0,0,False,False,Z
3470085,2019-03-05,LGA,DCA,YX,N426YX,4336,1900,1851,2030,2008,1914,2000,0,0,0,0,0,False,False,Z
3470086,2019-03-05,DCA,LGA,YX,N869RW,5933,1900,1854,2038,2033,1924,2007,0,0,0,0,0,False,False,Z
3470087,2019-03-05,BOS,LGA,YX,N215JQ,5998,1900,1858,2030,2046,1932,2019,0,0,16,0,0,False,False,Z
3470088,2019-03-05,RDU,LGA,9E,N906XJ,3327,1900,1854,2102,2054,1931,2035,0,0,0,0,0,False,False,Z
3470089,2019-03-05,DTW,LGA,MQ,N817AE,3623,1903,1920,2059,2152,2015,2133,2,0,36,0,15,False,False,Z
3470090,2019-03-05,ORF,LGA,9E,N8694A,5530,1905,1859,2101,2041,1916,2016,0,0,0,0,0,False,False,Z
3470091,2019-03-05,ORF,LGA,MQ,N807AE,3874,1906,1856,2042,2020,1907,2003,0,0,0,0,0,False,False,Z
3470092,2019-03-05,LGA,MKE,WN,N952WN,1943,1910,1900,2045,2012,1921,2007,0,0,0,0,0,False,False,Z
3470093,2019-03-05,ATL,LGA,AA,N957UW,588,1911,1911,2129,2120,1932,2108,0,0,0,0,0,False,False,Z
3470094,2019-03-05,LGA,ORD,DL,N989DN,1456,1915,1951,2107,2125,2011,2104,0,0,8,0,10,False,False,Z
3470095,2019-03-05,LGA,MSP,DL,N362NW,1944,1915,1911,2134,2102,1932,2057,0,0,0,0,0,False,False,Z
3470096,2019-03-05,MCO,LGA,B6,N529JB,698,1917,1916,2159,2140,1932,2137,0,0,0,0,0,False,False,Z
3470097,2019-03-05,LGA,BNA,OO,N289SY,3559,1925,1915,2107,2050,1940,2046,0,0,0,0,0,False,False,Z
3470098,2019-03-05,PIT,LGA,9E,N297PQ,3323,1925,1920,2112,2115,1949,2046,0,0,0,0,0,False,False,Z
3470099,2019-03-05,LGA,DSM,9E,N138EV,5446,1925,1916,2152,2116,1938,2110,0,0,0,0,0,False,False,Z
3470100,2019-03-05,LGA,IAD,YV,N516LR,6261,1925,1924,2046,2044,1947,2038,0,0,0,0,0,False,False,Z
3470101,2019-03-05,LGA,MIA,AA,N328RR,2809,1929,1922,2243,2232,1946,2221,0,0,0,0,0,False,False,Z
3470102,2019-03-05,LGA,RSW,DL,N378NW,1522,1929,1929,2249,2244,1953,2233,0,0,0,0,0,False,False,Z
3470103,2019-03-05,LGA,TPA,DL,N365DN,2626,1929,1923,2236,2230,1950,2225,0,0,0,0,0,False,False,Z
3470104,2019-03-05,LGA,DFW,YX,N208JQ,6102,1929,1954,2245,2302,2020,2249,17,0,0,0,0,False,False,Z
3470105,2019-03-05,LGA,CLE,9E,N324PQ,5220,1929,1922,2127,2058,1941,2052,0,0,0,0,0,False,False,Z
3470106,2019-03-05,LGA,ORD,AA,N338PK,2475,1930,1929,2116,2102,1952,2048,0,0,0,0,0,False,False,Z
3470107,2019-03-05,ORD,LGA,DL,N954AT,1531,1930,1937,2245,2239,1956,2232,0,0,0,0,0,False,False,Z
3470108,2019-03-05,ATL,LGA,DL,N324US,2966,1930,1938,2152,2146,1953,2131,0,0,0,0,0,False,False,Z
3470109,2019-03-05,LGA,BOS,B6,N339JB,1332,1930,1921,2051,2029,1943,2023,0,0,0,0,0,False,False,Z
3470110,2019-03-05,ORD,LGA,AA,N342PM,358,1930,1952,2240,2247,2005,2239,0,0,0,0,0,False,False,Z
3470111,2019-03-05,LGA,MIA,DL,N335DN,1669,1935,1935,2251,2238,1955,2232,0,0,0,0,0,False,False,Z
3470112,2019-03-05,LGA,GSO,MQ,N815AE,4030,1935,1950,2126,2144,2024,2141,0,0,3,0,15,False,False,Z
3470113,2019-03-05,LGA,FLL,B6,N267JB,1271,1936,2052,2246,2359,2118,2354,15,0,0,0,58,False,False,Z
3470114,2019-03-05,LGA,MKE,OO,N270SY,3736,1940,1935,2122,2102,1958,2047,0,0,0,0,0,False,False,Z
3470115,2019-03-05,ATL,LGA,WN,N7863A,283,1940,2025,2155,2221,2039,2214,26,0,0,0,0,False,False,Z
3470116,2019-03-05,MIA,LGA,AA,N310RF,1171,1942,1936,2252,2235,2005,2228,0,0,0,0,0,False,False,Z
3470117,2019-03-05,MCO,LGA,AA,N866NN,1210,1944,1940,2227,2202,1955,2157,0,0,0,0,0,False,False,Z
3470118,2019-03-05,LGA,IND,YX,N422YX,4446,1944,1936,2204,2153,2004,2148,0,0,0,0,0,False,False,Z
3470119,2019-03-05,LGA,PBI,DL,N333NW,616,1945,1941,2256,2238,2005,2235,0,0,0,0,0,False,False,Z
3470120,2019-03-05,IAH,LGA,UA,N14731,1501,1945,1944,2,7,2005,2355,0,0,0,0,0,False,False,Z
3470121,2019-03-05,CLE,LGA,OO,N292SY,3677,1948,2003,2134,2130,2011,2115,0,0,0,0,0,False,False,Z
3470122,2019-03-05,PBI,LGA,DL,N309US,2400,1950,1940,2248,2235,2002,2219,0,0,0,0,0,False,False,Z
3470123,2019-03-05,TPA,LGA,DL,N325US,2485,1950,1945,2235,2210,1954,2200,0,0,0,0,0,False,False,Z
3470124,2019-03-05,LGA,DAL,WN,N411WN,276,1950,1941,2255,2238,2014,2235,0,0,0,0,0,False,False,Z
3470125,2019-03-05,FLL,LGA,DL,N317US,1501,1951,1948,2255,2227,2002,2221,0,0,0,0,0,False,False,Z
3470126,2019-03-05,CHO,LGA,MQ,N816AE,3604,1953,1946,2125,2112,2005,2057,0,0,0,0,0,False,False,Z
3470127,2019-03-05,STL,LGA,WN,N485WN,1172,1955,2057,2310,1,2105,2352,44,0,0,0,7,False,False,Z
3470128,2019-03-05,LGA,DFW,AA,N840AW,2443,1959,1947,2255,2221,2000,2212,0,0,0,0,0,False,False,Z
3470129,2019-03-05,LGA,ATL,DL,N338DN,1089,1959,1955,2241,2219,2015,2212,0,0,0,0,0,False,False,Z
3470130,2019-03-05,LGA,FLL,DL,N320US,1513,1959,2029,2309,2320,2045,2317,0,0,0,0,0,False,False,Z
3470131,2019-03-05,LGA,BOS,DL,N104DU,1994,1959,2054,2117,2156,2109,2149,2,0,16,0,21,False,False,Z
3470132,2019-03-05,LGA,XNA,YX,N111HQ,4613,1959,1953,2230,2215,2010,2206,0,0,0,0,0,False,False,Z
3470133,2019-03-05,CVG,LGA,9E,N304PQ,3432,1959,2008,2155,2216,2039,2203,9,0,12,0,0,False,False,Z
3470134,2019-03-05,LGA,MCI,9E,N134EV,3440,1959,2142,2231,2350,2201,2344,0,0,0,0,79,False,False,Z
3470135,2019-03-05,LGA,CVG,9E,N904XJ,3476,1959,1950,2220,2216,2031,2209,0,0,0,0,0,False,False,Z
3470136,2019-03-05,LGA,BNA,MQ,N855AE,3420,1959,2010,2139,2148,2035,2142,0,0,0,0,0,False,False,Z
3470137,2019-03-05,LGA,BOS,AA,N954UW,2147,2000,1955,2117,2102,2018,2056,0,0,0,0,0,False,False,Z
3470138,2019-03-05,LGA,ORD,UA,N832UA,1678,2000,1948,2139,2135,2008,2103,0,0,0,0,0,False,False,Z
3470139,2019-03-05,LGA,DCA,YX,N407YX,4326,2000,1951,2130,2118,2016,2113,0,0,0,0,0,False,False,Z
3470140,2019-03-05,BOS,LGA,YX,N860RW,5872,2000,2000,2122,2124,2026,2111,0,0,0,0,0,False,False,Z
3470141,2019-03-05,LGA,CHS,YX,N882RW,6059,2000,2022,2218,2231,2042,2227,0,0,0,0,0,False,False,Z
3470142,2019-03-05,CLT,LGA,9E,N310PQ,5308,2000,1956,2205,2150,2025,2143,0,0,0,0,0,False,False,Z
3470143,2019-03-05,MSP,LGA,DL,N350DN,2108,2003,2003,2344,2324,2016,2318,0,0,0,0,0,False,False,Z
3470144,2019-03-05,LGA,IND,YX,N216JQ,6026,2003,1953,2231,2235,2022,2205,0,0,0,0,0,False,False,Z
3470145,2019-03-05,BOS,LGA,B6,N187JB,1431,2004,1957,2129,2108,2016,2104,0,0,0,0,0,False,False,Z
3470146,2019-03-05,LGA,BGR,9E,N980EV,5419,2005,2009,2148,2201,2104,2155,0,0,0,0,0,False,False,Z
3470147,2019-03-05,LGA,PWM,9E,N8908D,5003,2005,2015,2136,2143,2054,2140,0,0,0,0,0,False,False,Z
3470148,2019-03-05,LGA,ILM,MQ,N857AE,3550,2005,1957,2157,2202,2034,2154,0,0,0,0,0,False,False,Z
3470149,2019-03-05,CMH,LGA,YX,N446YX,4480,2007,1955,2200,2149,2022,2142,0,0,0,0,0,False,False,Z
3470150,2019-03-05,LGA,SDF,YX,N206JQ,6086,2007,2002,2244,2222,2027,2216,0,0,0,0,0,False,False,Z
3470151,2019-03-05,PHL,LGA,AA,N953UW,1655,2014,2006,2115,2119,2026,2055,0,0,0,0,0,False,False,Z
3470152,2019-03-05,LGA,FLL,NK,N620NK,779,2014,2009,2324,2311,2029,2303,0,0,0,0,0,False,False,Z
3470153,2019-03-05,LGA,ORD,OO,N269SY,3763,2015,2014,2207,2211,2047,2145,0,0,0,0,0,False,False,Z
3470154,2019-03-05,LGA,CMH,YX,N874RW,5916,2015,2011,2215,2217,2051,2212,0,0,0,0,0,False,False,Z
3470155,2019-03-05,CLE,LGA,EV,N12166,4313,2017,2042,2159,2208,2053,2155,0,0,0,0,0,False,False,Z
3470156,2019-03-05,LGA,MSP,YX,N402YX,4394,2020,2012,2232,2236,2103,2231,0,0,0,0,0,False,False,Z
3470157,2019-03-05,LGA,OMA,9E,N927XJ,5180,2020,2034,2250,2258,2110,2253,0,0,0,0,0,False,False,Z
3470158,2019-03-05,MDW,LGA,WN,N7884G,2216,2020,2133,2320,18,2144,13,1,0,0,0,57,False,False,Z
3470159,2019-03-05,CLT,LGA,AA,N971UY,1942,2024,2024,2221,2222,2102,2216,0,0,0,0,0,False,False,Z
3470160,2019-03-05,MIA,LGA,AA,N303RG,360,2024,2019,2329,2315,2047,2306,0,0,0,0,0,False,False,Z
3470161,2019-03-05,FLL,LGA,NK,N669NK,710,2025,2021,2322,2302,2035,2252,0,0,0,0,0,False,False,Z
3470162,2019-03-05,FLL,LGA,B6,N796JB,1472,2026,2151,2322,24,2204,20,15,0,0,0,47,False,False,Z
3470163,2019-03-05,LGA,CMH,MQ,N852AE,3431,2029,2029,2228,2239,2113,2234,0,0,0,0,0,False,False,Z
3470164,2019-03-05,LGA,ORD,AA,N959NN,196,2030,2019,2212,2141,2041,2133,0,0,0,0,0,False,False,Z
3470165,2019-03-05,LGA,RDU,OO,N267SY,3620,2030,2213,2229,2344,2221,2335,75,0,0,0,0,False,False,Z
3470166,2019-03-05,ORD,LGA,OO,N263SY,3792,2030,2112,2335,4,2129,2359,0,0,0,0,29,False,False,Z
3470167,2019-03-05,LGA,ATL,WN,N234WN,1553,2030,2026,2305,2248,2044,2241,0,0,0,0,0,False,False,Z
3470168,2019-03-05,ORD,LGA,AA,N301PA,357,2030,2023,2340,2334,2040,2330,0,0,0,0,0,False,False,Z
3470169,2019-03-05,MIA,LGA,DL,N355DN,1463,2032,2038,2337,2321,2055,2313,0,0,0,0,0,False,False,Z
3470170,2019-03-05,PIT,LGA,YX,N443YX,4600,2033,2021,2212,2155,2048,2147,0,0,0,0,0,False,False,Z
3470171,2019-03-05,DTW,LGA,DL,N323US,2939,2040,2036,2230,2213,2055,2207,0,0,0,0,0,False,False,Z
3470172,2019-03-05,LGA,DTW,DL,N331NW,1908,2045,2038,2258,2223,2056,2217,0,0,0,0,0,False,False,Z
3470173,2019-03-05,LGA,TYS,YX,N434YX,4372,2046,2032,2303,2241,2049,2236,0,0,0,0,0,False,False,Z
3470174,2019-03-05,LGA,ORF,MQ,N807AE,3513,2051,2045,2217,2217,2111,2210,0,0,0,0,0,False,False,Z
3470175,2019-03-05,LGA,MDW,WN,N261WN,389,2055,2125,2235,2230,2138,2225,0,0,0,0,0,False,False,Z
3470176,2019-03-05,LGA,TYS,9E,N330PQ,3409,2057,2048,2313,2318,2135,2315,0,0,0,0,0,False,False,Z
3470177,2019-03-05,LGA,BHM,OO,N275SY,3891,2059,2059,2250,2248,2123,2245,0,0,0,0,0,False,False,Z
3470178,2019-03-05,LGA,GRR,YX,N214JQ,6042,2059,2101,2323,2313,2131,2307,0,0,0,0,0,False,False,Z
3470179,2019-03-05,LGA,MSN,YX,N809MD,6054,2059,2120,2242,2304,2146,2250,0,0,1,0,21,False,False,Z
3470180,2019-03-05,LGA,CHA,9E,N315PQ,5397,2059,2059,2337,2322,2122,2316,0,0,0,0,0,False,False,Z
3470181,2019-03-05,LGA,RIC,OO,N282SY,3843,2100,2144,2238,2301,2158,2256,0,0,0,0,23,False,False,Z
3470182,2019-03-05,LGA,ORD,UA,N896UA,1249,2100,2058,2235,2219,2115,2206,0,0,0,0,0,False,False,Z
3470183,2019-03-05,LGA,CHO,9E,N8837B,5376,2100,2121,2236,2238,2140,2235,0,0,0,0,0,False,False,Z
3470184,2019-03-05,LGA,RIC,MQ,N818AE,3864,2100,2051,2230,2224,2118,2219,0,0,0,0,0,False,False,Z
3470185,2019-03-05,LGA,PIT,MQ,N842AE,3378,2101,2054,2229,2209,2105,2203,0,0,0,0,0,False,False,Z
3470186,2019-03-05,ORD,LGA,UA,N27724,2422,2105,2102,9,2347,2115,2344,0,0,0,0,0,False,False,Z
3470187,2019-03-05,LGA,SAV,OO,N286SY,3722,2110,2102,2341,2341,2132,2334,0,0,0,0,0,False,False,Z
3470188,2019-03-05,LGA,MCO,B6,N657JB,499,2110,2331,1,210,2346,204,7,0,0,0,122,False,False,Z
3470189,2019-03-05,LGA,ATL,AA,N952UW,2043,2115,2106,2347,2328,2126,2322,0,0,0,0,0,False,False,Z
3470190,2019-03-05,ATL,LGA,YX,N112HQ,4439,2117,2109,2341,2306,2122,2259,0,0,0,0,0,False,False,Z
3470191,2019-03-05,LGA,PIT,9E,N314PQ,5497,2120,2125,2304,2300,2149,2252,0,0,0,0,0,False,False,Z
3470192,2019-03-05,LGA,CAE,9E,N153PQ,5339,2129,2122,2334,2322,2144,2318,0,0,0,0,0,False,False,Z
3470193,2019-03-05,LGA,RDU,MQ,N840AE,3948,2129,2156,2315,2329,2209,2324,0,0,0,0,0,False,False,Z
3470194,2019-03-05,LGA,ORD,AA,N931NN,2461,2130,2115,2306,2237,2134,2227,0,0,0,0,0,False,False,Z
3470195,2019-03-05,ATL,LGA,DL,N333DX,2957,2130,2132,2341,2335,2151,2327,0,0,0,0,0,False,False,Z
3470196,2019-03-05,LGA,GSP,YX,N810MD,6043,2130,2126,2333,2332,2147,2326,0,0,0,0,0,False,False,Z
3470197,2019-03-05,LGA,ROC,YX,N869RW,6053,2130,2121,2253,2238,2139,2228,0,0,0,0,0,False,False,Z
3470198,2019-03-05,LGA,LEX,9E,N906XJ,3466,2143,2144,2357,2340,2203,2336,0,0,0,0,0,False,False,Z
3470199,2019-03-05,LGA,FLL,B6,N594JB,1371,2146,1,42,304,18,257,0,0,7,0,135,False,False,Z
3470200,2019-03-05,LGA,BUF,9E,N934XJ,3414,2150,2145,2316,2251,2156,2244,0,0,0,0,0,False,False,Z
3470201,2019-03-05,LGA,SYR,OO,N264SY,3753,2151,2140,2301,2235,2151,2230,0,0,0,0,0,False,False,Z
3470202,2019-03-05,DTW,LGA,DL,N344DN,1913,2153,2151,2344,2315,2203,2309,0,0,0,0,0,False,False,Z
3470203,2019-03-05,LGA,ORD,NK,N609NK,331,2154,2154,2329,2307,2206,2259,0,0,0,0,0,False,False,Z
3470204,2019-03-05,CLT,LGA,AA,N751UW,2031,2158,2159,2345,2330,2213,2325,0,0,0,0,0,False,False,Z
3470205,2019-03-05,LGA,BOS,DL,N348NW,1965,2159,2159,2316,2304,2219,2258,0,0,0,0,0,False,False,Z
3470206,2019-03-05,LGA,MHT,9E,N297PQ,3486,2159,2154,2310,2249,2210,2243,0,0,0,0,0,False,False,Z
3470207,2019-03-05,LGA,BTV,9E,N228PQ,5129,2159,2221,2318,2326,2236,2317,0,0,0,0,0,False,False,Z
3470208,2019-03-05,LGA,PHL,AA,N953UW,696,2200,2147,2302,2241,2204,2239,0,0,0,0,0,False,False,Z
3470209,2019-03-05,DCA,LGA,YX,N135HQ,4334,2200,2153,2321,2308,2220,2301,0,0,0,0,0,False,False,Z
3470210,2019-03-05,IAD,LGA,YV,N86334,6337,2200,2156,2310,2255,2208,2251,0,0,0,0,0,False,False,Z
3470211,2019-03-05,LGA,MIA,F9,N338FR,2881,2250,2242,159,141,2258,131,0,0,0,0,0,False,False,Z
