index,FlightDate,Origin,Dest,Reporting_Airline,Tail_Number,Flight_Number_Reporting_Airline,CRSDepTime,DepTime,CRSArrTime,ArrTime,WheelsOff,WheelsOn,Cancelled
3115439,2009-04-28,LGA,IAH,CO,N39726,633,545,535,827,821,544,813,False
3115440,2009-04-28,CMH,LGA,MQ,N711MQ,4863,545,551,719,733,605,725,False
3115441,2009-04-28,LGA,ORD,AA,N502AA,301,600,553,720,706,605,702,False
3115442,2009-04-28,ORD,LGA,AA,N619AA,398,600,558,900,902,615,859,False
3115443,2009-04-28,LGA,MIA,AA,N5CTAA,2255,600,556,855,846,611,836,False
3115444,2009-04-28,FLL,LGA,B6,N579JB,370,600,553,855,849,615,842,False
3115445,2009-04-28,LGA,FLL,B6,N599JB,371,600,551,853,824,602,822,False
3115446,2009-04-28,LGA,ATL,DL,N668DN,19,600,555,830,810,609,800,False
3115447,2009-04-28,LGA,CVG,DL,N3746H,1211,600,551,810,759,618,753,False
3115448,2009-04-28,BOS,LGA,DL,N916DE,1371,600,557,713,707,621,700,False
3115449,2009-04-28,RDU,LGA,MQ,N842MQ,4751,600,556,730,726,611,722,False
3115450,2009-04-28,BOS,LGA,MQ,N833MQ,4814,600,554,715,703,610,651,False
3115451,2009-04-28,LGA,DTW,NW,N526US,1191,600,555,754,748,608,737,False
3115452,2009-04-28,IND,LGA,OH,N868CA,6294,600,557,805,830,625,820,False
3115453,2009-04-28,CHS,LGA,OH,N965CA,6540,600,550,759,745,602,735,False
3115454,2009-04-28,SAV,LGA,OH,N779CA,6700,600,550,819,822,613,805,False
3115455,2009-04-28,TYS,LGA,OH,N675BR,6754,600,600,812,811,611,747,False
3115456,2009-04-28,LGA,ORD,UA,N815UA,667,600,555,723,722,616,718,False
3115457,2009-04-28,ORD,LGA,UA,N583UA,668,600,557,909,901,613,855,False
3115458,2009-04-28,BOS,LGA,US,N751UW,2115,600,552,707,653,608,648,False
3115459,2009-04-28,DCA,LGA,US,N753US,2158,600,553,655,657,603,645,False
3115460,2009-04-28,LGA,BOS,US,N755US,2114,600,555,703,700,606,648,False
3115461,2009-04-28,LGA,DCA,US,N748UW,2161,600,551,700,646,601,642,False
3115462,2009-04-28,LGA,IAD,YV,N593ML,7328,601,552,719,703,603,649,False
3115463,2009-04-28,LGA,DFW,AA,N4XBAA,701,605,603,850,845,621,840,False
3115464,2009-04-28,JAX,LGA,OH,N369CA,6564,605,605,829,844,634,831,False
3115465,2009-04-28,RDU,LGA,OH,N712CA,6628,605,600,747,745,619,740,False
3115466,2009-04-28,DTW,LGA,MQ,N725MQ,4877,610,606,755,740,619,736,False
3115467,2009-04-28,DTW,LGA,NW,N370NW,526,610,606,757,749,623,739,False
3115468,2009-04-28,DFW,LGA,AA,N3BDAA,700,615,609,1040,1101,625,1058,False
3115469,2009-04-28,LGA,MSP,NW,N502US,523,615,604,813,758,625,752,False
3115470,2009-04-28,LGA,CLE,XE,N14558,2063,615,606,810,739,624,731,False
3115471,2009-04-28,LGA,BOS,MQ,N736MQ,4803,620,616,725,718,632,713,False
3115472,2009-04-28,LGA,RDU,OH,N918CA,6659,629,625,817,757,646,750,False
3115473,2009-04-28,MIA,LGA,AA,N614AA,1114,630,623,930,928,642,923,False
3115474,2009-04-28,LGA,IAH,CO,N11612,333,630,626,920,923,651,914,False
3115475,2009-04-28,IAH,LGA,CO,N38727,1032,630,633,1059,1117,649,1110,False
3115476,2009-04-28,LGA,BOS,DL,N960DL,1370,630,629,733,726,642,719,False
3115477,2009-04-28,BOS,LGA,DL,N917DE,1373,630,628,743,736,646,734,False
3115478,2009-04-28,LGA,ATL,FL,N995AT,359,630,618,853,837,638,828,False
3115479,2009-04-28,LGA,RDU,MQ,N718MQ,4724,630,623,810,745,636,741,False
3115480,2009-04-28,DSM,LGA,MQ,N715MQ,4821,630,621,1010,1007,631,953,False
3115481,2009-04-28,LGA,MEM,NW,N322NB,505,630,621,823,744,633,741,False
3115482,2009-04-28,LGA,CLT,US,N189UW,1455,630,624,828,813,647,807,False
3115483,2009-04-28,CLE,LGA,MQ,N710MQ,4886,635,627,810,811,646,800,False
3115484,2009-04-28,DSM,LGA,OH,N34CA,6344,635,820,1022,1212,838,1200,False
3115485,2009-04-28,BHM,LGA,OH,N430CA,6402,635,628,1014,1016,642,956,False
3115486,2009-04-28,ATL,LGA,DL,N661DN,1766,640,637,900,849,647,834,False
3115487,2009-04-28,CAK,LGA,FL,N936AT,201,645,641,820,800,649,755,False
3115488,2009-04-28,CRW,LGA,MQ,N728MQ,4831,645,640,825,817,648,809,False
3115489,2009-04-28,XNA,LGA,MQ,N739MQ,4912,645,639,1050,1049,648,1045,False
3115490,2009-04-28,MCI,LGA,OH,N548CA,6550,645,635,1030,1050,653,1045,False
3115491,2009-04-28,LGA,ORD,AA,N518AA,303,650,644,815,800,654,755,False
3115492,2009-04-28,LGA,MIA,AA,N5ELAA,1685,650,645,945,926,702,923,False
3115493,2009-04-28,ORD,LGA,AA,N568AA,394,655,652,1000,958,704,952,False
3115494,2009-04-28,LGA,ATL,DL,N651DL,1771,655,652,927,923,729,914,False
3115495,2009-04-28,LGA,XNA,MQ,N717MQ,4834,659,654,920,914,721,910,False
3115496,2009-04-28,MSY,LGA,DL,N968DL,1282,700,703,1105,1137,720,1121,False
3115497,2009-04-28,MCO,LGA,DL,N975DL,1482,700,653,946,950,713,935,False
3115498,2009-04-28,LGA,PBI,DL,N980DL,1493,700,654,1000,931,711,926,False
3115499,2009-04-28,CMH,LGA,MQ,N737MQ,4870,700,653,845,833,704,821,False
3115500,2009-04-28,MSP,LGA,NW,N353NB,520,700,659,1045,1105,720,1057,False
3115501,2009-04-28,GRR,LGA,OH,N917CA,6304,700,759,858,1032,820,1018,False
3115502,2009-04-28,CVG,LGA,OH,N916CA,6636,700,655,912,905,711,855,False
3115503,2009-04-28,LGA,MCI,OH,N679CA,6639,700,658,916,901,713,851,False
3115504,2009-04-28,LGA,ORD,UA,,669,700,9999,830,9999,9999,9999,True
3115505,2009-04-28,BOS,LGA,US,N712US,2117,700,652,815,823,711,817,False
3115506,2009-04-28,DCA,LGA,US,N766US,2160,700,656,825,813,713,801,False
3115507,2009-04-28,LGA,BOS,US,N769US,2116,700,655,805,750,708,746,False
3115508,2009-04-28,LGA,DCA,US,N765US,2163,700,651,810,802,704,744,False
3115509,2009-04-28,LGA,MKE,FL,N328AT,216,705,653,820,807,706,800,False
3115510,2009-04-28,ORD,LGA,UA,N836UA,670,705,658,1015,1006,711,958,False
3115511,2009-04-28,LGA,DFW,AA,N447AA,707,710,9999,1000,9999,9999,9999,True
3115512,2009-04-28,BNA,LGA,AA,N512AA,1088,710,704,1020,1027,714,1021,False
3115513,2009-04-28,FLL,LGA,NW,N332NB,1668,710,701,1014,1017,719,1002,False
3115514,2009-04-28,IAD,LGA,YV,N27314,7209,711,905,848,1040,921,1036,False
3115515,2009-04-28,DFW,LGA,AA,N495AA,704,715,706,1145,1129,722,1126,False
3115516,2009-04-28,LGA,IAH,CO,N17620,733,715,711,1005,1000,726,954,False
3115517,2009-04-28,LGA,DTW,NW,N323US,533,720,709,919,910,728,856,False
3115518,2009-04-28,LGA,FLL,NW,N348NB,1431,720,711,1020,1009,735,1003,False
3115519,2009-04-28,LGA,MCO,DL,N926DL,1515,729,721,1019,953,741,948,False
3115520,2009-04-28,LGA,ORD,AA,N457AA,305,730,730,855,845,743,840,False
3115521,2009-04-28,LGA,PBI,B6,N506JB,363,730,719,1022,948,732,944,False
3115522,2009-04-28,IAH,LGA,CO,N16642,332,730,731,1213,1223,753,1216,False
3115523,2009-04-28,CLE,LGA,CO,N15710,1750,730,726,902,850,735,844,False
3115524,2009-04-28,LGA,BOS,DL,N916DE,1372,730,730,837,829,748,823,False
3115525,2009-04-28,BOS,LGA,DL,N909DL,1375,730,727,844,832,748,829,False
3115526,2009-04-28,RDU,LGA,MQ,N856MQ,4727,730,722,915,919,740,913,False
3115527,2009-04-28,DTW,LGA,NW,N318NB,544,730,724,910,921,749,911,False
3115528,2009-04-28,BOS,LGA,US,N762US,2197,730,723,850,837,743,826,False
3115529,2009-04-28,MKE,LGA,FL,N961AT,508,735,735,1045,1106,750,1101,False
3115530,2009-04-28,CAE,LGA,OH,N937CA,6464,735,730,933,930,742,919,False
3115531,2009-04-28,LGA,MIA,AA,N5EFAA,413,740,735,1045,1038,809,1033,False
3115532,2009-04-28,LGA,TPA,DL,N963DL,1503,740,735,1034,1011,750,1005,False
3115533,2009-04-28,ATL,LGA,DL,N664DN,1770,740,736,955,1004,757,949,False
3115534,2009-04-28,LGA,DFW,AA,N262AA,709,745,744,1040,1027,755,1019,False
3115535,2009-04-28,BOS,LGA,MQ,N736MQ,4808,750,746,905,858,800,840,False
3115536,2009-04-28,CLT,LGA,US,N182UW,1050,750,743,939,940,808,932,False
3115537,2009-04-28,ORD,LGA,AA,N471AA,392,755,749,1100,1119,804,1115,False
3115538,2009-04-28,LGA,ATL,DL,N610DL,1773,755,747,1033,1026,817,1007,False
3115539,2009-04-28,LGA,BOS,MQ,N833MQ,4802,755,753,900,852,813,848,False
3115540,2009-04-28,LGA,DEN,UA,N572UA,403,757,752,1038,1007,811,1001,False
3115541,2009-04-28,LGA,CVG,OH,N960CA,6657,759,749,1020,948,805,940,False
3115542,2009-04-28,LGA,ORD,AA,N466AA,309,800,753,925,922,820,918,False
3115543,2009-04-28,MIA,LGA,AA,N3DJAA,1256,800,755,1100,1107,805,1103,False
3115544,2009-04-28,TPA,LGA,DL,N970DL,1502,800,754,1050,1101,806,1052,False
3115545,2009-04-28,LGA,MCO,FL,N307AT,341,800,750,1048,1032,802,1007,False
3115546,2009-04-28,PHF,LGA,FL,N935AT,642,800,752,921,919,801,905,False
3115547,2009-04-28,LGA,ORD,UA,N466UA,835,800,752,940,932,829,925,False
3115548,2009-04-28,BOS,LGA,US,N755US,2119,800,757,912,915,814,902,False
3115549,2009-04-28,DCA,LGA,US,N748UW,2162,800,753,913,855,805,846,False
3115550,2009-04-28,LGA,BOS,US,N751UW,2118,800,755,904,900,819,853,False
3115551,2009-04-28,LGA,DCA,US,N753US,2165,800,752,910,849,801,844,False
3115552,2009-04-28,ORD,LGA,UA,N807UA,672,805,800,1115,1124,810,1120,False
3115553,2009-04-28,DEN,LGA,UA,N828UA,358,806,802,1356,1337,813,1333,False
3115554,2009-04-28,DFW,LGA,AA,N467AA,708,810,807,1245,1234,824,1229,False
3115555,2009-04-28,LGA,STL,AA,N532AA,1855,810,804,955,951,836,948,False
3115556,2009-04-28,LGA,RDU,MQ,N842MQ,4739,810,806,955,945,834,940,False
3115557,2009-04-28,LGA,CLT,US,N186US,789,810,802,1010,954,831,951,False
3115558,2009-04-28,LGA,MSP,NW,N378NW,525,820,849,1025,1052,918,1045,False
3115559,2009-04-28,CLE,LGA,CO,N14735,1575,823,818,1000,954,830,947,False
3115560,2009-04-28,MEM,LGA,NW,N329NB,506,825,822,1214,1207,834,1157,False
3115561,2009-04-28,IAD,LGA,UA,N415UA,846,825,818,945,934,832,930,False
3115562,2009-04-28,LGA,DFW,AA,N227AA,713,829,825,1129,1107,848,1055,False
3115563,2009-04-28,LGA,IND,OH,N712CA,6327,829,819,1104,1036,844,1030,False
3115564,2009-04-28,LGA,BOS,DL,N917DE,1374,830,829,944,934,854,929,False
3115565,2009-04-28,BOS,LGA,DL,N916DE,1377,830,856,946,1025,921,1023,False
3115566,2009-04-28,LGA,ATL,FL,N944AT,326,830,823,1100,1043,847,1037,False
3115567,2009-04-28,PIT,LGA,US,N949UW,1288,830,820,947,942,830,934,False
3115568,2009-04-28,LGA,BNA,AA,N4YEAA,611,835,829,1010,956,900,949,False
3115569,2009-04-28,RDU,LGA,MQ,N718MQ,4728,835,827,1020,1006,840,955,False
3115570,2009-04-28,LGA,CMH,MQ,N721MQ,4849,835,844,1030,1029,911,1024,False
3115571,2009-04-28,CVG,LGA,OH,N689CA,6368,835,835,1038,1054,847,1044,False
3115572,2009-04-28,DTW,LGA,NW,N349NB,540,838,836,1025,1045,848,1033,False
3115573,2009-04-28,ATL,LGA,DL,N675DL,1772,840,837,1107,1128,911,1117,False
3115574,2009-04-28,CMH,LGA,MQ,N720MQ,4835,840,837,1030,1030,846,1026,False
3115575,2009-04-28,IND,LGA,9E,87759E,2167,845,845,1057,1116,902,1107,False
3115576,2009-04-28,LGA,ORD,AA,N4YRAA,313,845,837,1020,1017,913,1010,False
3115577,2009-04-28,LGA,CHS,OH,N965CA,6553,845,835,1115,1056,910,1050,False
3115578,2009-04-28,LGA,JAX,OH,N868CA,6813,845,900,1139,1150,935,1140,False
3115579,2009-04-28,RDU,LGA,OH,N918CA,6624,848,843,1030,1055,908,1045,False
3115580,2009-04-28,STL,LGA,AA,N556AA,840,850,846,1215,1158,857,1154,False
3115581,2009-04-28,ATL,LGA,FL,N296AT,360,850,849,1106,1117,910,1112,False
3115582,2009-04-28,LGA,PIT,MQ,N710MQ,4871,850,847,1025,1018,915,1012,False
3115583,2009-04-28,LGA,ATL,DL,N635DL,1775,855,849,1139,1140,942,1128,False
3115584,2009-04-28,LGA,RDU,OH,N675BR,6419,855,845,1100,1050,925,1045,False
3115585,2009-04-28,DFW,LGA,AA,N432AA,710,900,857,1335,1307,907,1304,False
3115586,2009-04-28,LGA,DTW,NW,N370NW,1221,900,852,1114,1118,933,1106,False
3115587,2009-04-28,LGA,ORD,UA,N553UA,511,900,856,1038,1046,939,1039,False
3115588,2009-04-28,BOS,LGA,US,N769US,2121,900,854,1022,1024,908,1010,False
3115589,2009-04-28,DCA,LGA,US,N765US,2164,900,854,1025,1011,907,1000,False
3115590,2009-04-28,LGA,BOS,US,N712US,2120,900,852,1019,1007,925,1003,False
3115591,2009-04-28,LGA,DCA,US,N766US,2167,900,851,1019,1001,919,959,False
3115592,2009-04-28,ORD,LGA,AA,N465AA,386,905,900,1215,1226,942,1222,False
3115593,2009-04-28,LGA,DEN,F9,N949FR,505,905,934,1135,1149,1000,1142,False
3115594,2009-04-28,LGA,RDU,MQ,N728MQ,4726,905,857,1100,1044,931,1040,False
3115595,2009-04-28,LGA,MSN,OH,N779CA,6375,905,900,1058,1045,938,1041,False
3115596,2009-04-28,LGA,MIA,AA,N5BUAA,2015,910,905,1220,1215,941,1209,False
3115597,2009-04-28,LGA,PHF,FL,N936AT,282,910,901,1044,1029,928,1017,False
3115598,2009-04-28,MSP,LGA,NW,N377NW,512,910,901,1251,1306,944,1258,False
3115599,2009-04-28,IAH,LGA,CO,N46625,232,915,928,1359,1420,949,1413,False
3115600,2009-04-28,LGA,DTW,MQ,N737MQ,4869,925,922,1140,1131,948,1124,False
3115601,2009-04-28,LGA,BOS,DL,N909DL,1376,930,937,1049,1045,1006,1040,False
3115602,2009-04-28,BOS,LGA,DL,N916DE,1379,930,9999,1044,9999,9999,9999,True
3115603,2009-04-28,RDU,LGA,MQ,N831MQ,4734,930,924,1115,1115,934,1106,False
3115604,2009-04-28,FLL,LGA,B6,N599JB,372,934,925,1230,1212,936,1208,False
3115605,2009-04-28,LGA,FLL,B6,N579JB,375,935,924,1248,1228,950,1207,False
3115606,2009-04-28,ATL,LGA,DL,N673DL,1774,940,1050,1159,1257,1100,1247,False
3115607,2009-04-28,LGA,SAV,OH,N917CA,6497,940,1100,1224,1339,1144,1330,False
3115608,2009-04-28,LGA,MYR,OH,N369CA,6385,945,945,1201,1151,1026,1148,False
3115609,2009-04-28,ORD,LGA,AA,N4XPAA,382,955,952,1305,1250,1006,1246,False
3115610,2009-04-28,DFW,LGA,AA,N454AA,712,955,1004,1430,1444,1022,1440,False
3115611,2009-04-28,LGA,DFW,AA,N525AA,721,955,950,1300,1246,1012,1222,False
3115612,2009-04-28,LGA,ATL,DL,N661DN,1777,955,950,1240,1214,1017,1207,False
3115613,2009-04-28,LGA,IAD,YV,N27314,7209,955,1056,1131,1209,1120,1203,False
3115614,2009-04-28,LGA,CLE,CO,N15710,1451,959,950,1147,1135,1014,1132,False
3115615,2009-04-28,MIA,LGA,AA,N5CTAA,1124,1000,955,1300,1321,1043,1316,False
3115616,2009-04-28,XNA,LGA,MQ,N717MQ,4873,1000,955,1405,1347,1001,1336,False
3115617,2009-04-28,LGA,CMH,OH,N916CA,6611,1000,950,1212,1138,1011,1136,False
3115618,2009-04-28,BOS,LGA,US,N751UW,2123,1000,9999,1116,9999,9999,9999,True
3115619,2009-04-28,CLT,LGA,US,N732US,1910,1000,955,1158,1215,1044,1209,False
3115620,2009-04-28,DCA,LGA,US,N752US,2166,1000,956,1115,1135,1041,1128,False
3115621,2009-04-28,LGA,BOS,US,N755US,2122,1000,957,1115,1103,1023,1059,False
3115622,2009-04-28,LGA,CLT,US,N762US,1817,1000,953,1207,1149,1027,1144,False
3115623,2009-04-28,LGA,DCA,US,N748UW,2169,1000,950,1122,1110,1015,1057,False
3115624,2009-04-28,ORD,LGA,UA,N376UA,676,1002,959,1322,1254,1008,1251,False
3115625,2009-04-28,LGA,CAK,FL,N935AT,202,1005,1000,1149,1123,1019,1119,False
3115626,2009-04-28,LGA,RDU,MQ,N856MQ,4733,1005,954,1155,1159,1033,1152,False
3115627,2009-04-28,MSP,LGA,NW,N339NB,524,1005,956,1349,1339,1015,1330,False
3115628,2009-04-28,LGA,ORD,UA,N583UA,673,1005,957,1143,1152,1052,1147,False
3115629,2009-04-28,LGA,ORD,AA,N619AA,319,1010,1005,1140,1155,1054,1152,False
3115630,2009-04-28,DTW,LGA,NW,N347NW,542,1010,1042,1154,1220,1058,1214,False
3115631,2009-04-28,LGA,IND,OH,N937CA,6333,1015,1005,1248,1230,1031,1220,False
3115632,2009-04-28,LGA,DTW,NW,N318NB,539,1025,1018,1231,1223,1041,1210,False
3115633,2009-04-28,LGA,DEN,UA,N415UA,405,1028,1023,1305,1237,1044,1232,False
3115634,2009-04-28,LGA,MCO,DL,N975DL,1485,1029,1025,1329,1258,1049,1253,False
3115635,2009-04-28,LGA,BOS,DL,N916DE,1378,1030,1045,1146,1145,1104,1140,False
3115636,2009-04-28,BOS,LGA,DL,N917DE,1381,1030,1028,1139,1129,1045,1127,False
3115637,2009-04-28,RDU,LGA,MQ,N840MQ,4717,1030,1022,1215,1145,1031,1140,False
3115638,2009-04-28,LGA,BOS,MQ,N715MQ,4881,1030,1036,1145,1133,1055,1130,False
3115639,2009-04-28,LGA,MIA,AA,N614AA,599,1035,1026,1345,1326,1059,1324,False
3115640,2009-04-28,ATL,LGA,FL,N923AT,368,1035,1031,1253,1247,1054,1240,False
3115641,2009-04-28,LGA,PIT,US,N949UW,1539,1035,1028,1214,1144,1047,1141,False
3115642,2009-04-28,ORD,LGA,AA,N529AA,378,1040,1036,1355,1415,1121,1411,False
3115643,2009-04-28,ATL,LGA,DL,N692DL,1776,1040,1054,1305,1313,1114,1302,False
3115644,2009-04-28,STL,LGA,AA,N532AA,1795,1045,1104,1410,1448,1119,1444,False
3115645,2009-04-28,IAH,LGA,CO,N17620,432,1045,1034,1527,1558,1119,1551,False
3115646,2009-04-28,LGA,IAH,CO,N14735,1033,1045,1042,1337,1335,1058,1323,False
3115647,2009-04-28,PBI,LGA,DL,N919DE,1582,1045,1044,1338,1324,1057,1318,False
3115648,2009-04-28,DEN,LGA,F9,N943FR,510,1047,1056,1623,1634,1113,1628,False
3115649,2009-04-28,MIA,LGA,AA,N5ELAA,2088,1050,1044,1355,1333,1054,1324,False
3115650,2009-04-28,DEN,LGA,UA,N572UA,310,1050,1054,1637,1637,1122,1633,False
3115651,2009-04-28,DFW,LGA,AA,N478AA,720,1055,1136,1530,1606,1148,1603,False
3115652,2009-04-28,PIT,LGA,MQ,N710MQ,4872,1055,1050,1225,1212,1102,1205,False
3115653,2009-04-28,LGA,PBI,DL,N924DL,1495,1059,1056,1409,1400,1139,1355,False
3115654,2009-04-28,LGA,ORD,AA,N568AA,321,1100,1052,1235,1209,1105,1204,False
3115655,2009-04-28,BNA,LGA,AA,N4YEAA,1748,1100,1124,1420,1513,1139,1506,False
3115656,2009-04-28,LGA,ATL,DL,N664DN,1779,1100,1053,1339,1329,1133,1317,False
3115657,2009-04-28,FLL,LGA,NW,N348NB,1432,1100,1100,1406,1405,1113,1353,False
3115658,2009-04-28,CVG,LGA,OH,N538CA,6315,1100,1100,1304,1250,1113,1242,False
3115659,2009-04-28,CHS,LGA,OH,N590SW,6374,1100,1100,1312,1300,1112,1256,False
3115660,2009-04-28,LGA,RDU,OH,N430CA,6753,1100,1050,1257,1313,1126,1241,False
3115661,2009-04-28,BOS,LGA,US,N712US,2125,1100,1053,1212,1158,1106,1152,False
3115662,2009-04-28,DCA,LGA,US,N766US,2168,1100,1149,1212,1256,1200,1255,False
3115663,2009-04-28,LGA,BOS,US,N769US,2124,1100,1057,1215,1148,1111,1146,False
3115664,2009-04-28,LGA,DCA,US,N765US,2171,1100,1052,1217,1148,1102,1141,False
3115665,2009-04-28,LGA,MEM,NW,N349NB,509,1105,1114,1305,1257,1137,1251,False
3115666,2009-04-28,ORD,LGA,UA,N849UA,678,1105,1117,1423,1453,1150,1449,False
3115667,2009-04-28,PBI,LGA,B6,N506JB,362,1110,1102,1400,1351,1113,1345,False
3115668,2009-04-28,TPA,LGA,DL,N949DL,1504,1110,1105,1358,1403,1121,1347,False
3115669,2009-04-28,LGA,FLL,NW,N332NB,1443,1110,1104,1419,1403,1127,1400,False
3115670,2009-04-28,LGA,CVG,OH,N548CA,6291,1110,1225,1335,1418,1242,1413,False
3115671,2009-04-28,LGA,TYS,OH,N34CA,6619,1110,1242,1334,1435,1256,1428,False
3115672,2009-04-28,LGA,DFW,AA,N512AA,731,1115,1106,1415,1353,1129,1340,False
3115673,2009-04-28,LGA,ATL,FL,N961AT,361,1120,1130,1355,1342,1148,1333,False
3115674,2009-04-28,LGA,JAX,OH,N918CA,6747,1120,1120,1400,1414,1156,1400,False
3115675,2009-04-28,CMH,LGA,MQ,N721MQ,4858,1125,1117,1315,1301,1134,1254,False
3115676,2009-04-28,LGA,CLT,US,N182UW,907,1125,1115,1328,1257,1134,1252,False
3115677,2009-04-28,LGA,BOS,DL,N912DE,1380,1130,1130,1243,1235,1149,1224,False
3115678,2009-04-28,BOS,LGA,DL,N909DL,1383,1130,1129,1243,1234,1147,1232,False
3115679,2009-04-28,LGA,MSP,NW,N353NB,517,1130,1131,1332,1325,1151,1322,False
3115680,2009-04-28,RDU,LGA,OH,N675BR,6476,1130,1125,1307,1307,1143,1258,False
3115681,2009-04-28,LGA,MCI,OH,N689CA,6543,1130,1144,1348,1348,1200,1337,False
3115682,2009-04-28,IND,LGA,OH,N712CA,6327,1134,1130,1342,1352,1200,1344,False
3115683,2009-04-28,DFW,LGA,AA,N262AA,728,1135,1133,1610,1556,1146,1552,False
3115684,2009-04-28,LGA,DFW,AA,N3BDAA,739,1140,1136,1440,1420,1152,1400,False
3115685,2009-04-28,ATL,LGA,DL,N928DL,1778,1140,1132,1402,1425,1215,1416,False
3115686,2009-04-28,MSN,LGA,OH,N779CA,6375,1140,1130,1500,1537,1146,1530,False
3115687,2009-04-28,CLT,LGA,US,N109UW,938,1140,1157,1337,1405,1229,1359,False
3115688,2009-04-28,IAH,LGA,CO,N17730,1832,1145,1145,1620,1637,1220,1632,False
3115689,2009-04-28,LGA,IAH,CO,N38727,1833,1145,1147,1438,1420,1158,1411,False
3115690,2009-04-28,BOS,LGA,MQ,N853MQ,4836,1145,1135,1259,1324,1242,1322,False
3115691,2009-04-28,DTW,LGA,NW,N945N,532,1158,1200,1347,1416,1238,1407,False
3115692,2009-04-28,LGA,IND,9E,87759E,2168,1200,1155,1433,1355,1208,1347,False
3115693,2009-04-28,LGA,ORD,AA,N471AA,327,1200,1157,1335,1312,1213,1307,False
3115694,2009-04-28,LGA,STL,AA,N584AA,1757,1200,1159,1350,1330,1217,1325,False
3115695,2009-04-28,MIA,LGA,AA,N631AA,2092,1200,1217,1500,1546,1241,1541,False
3115696,2009-04-28,LGA,MIA,AA,N3DJAA,2093,1200,1148,1510,1430,1202,1420,False
3115697,2009-04-28,LGA,TPA,DL,N968DL,1407,1200,1207,1457,1454,1228,1444,False
3115698,2009-04-28,LGA,MSY,DL,N970DL,1419,1200,1208,1435,1412,1226,1406,False
3115699,2009-04-28,LGA,ATL,DL,N675DL,1781,1200,1155,1440,1417,1219,1409,False
3115700,2009-04-28,LGA,ATL,FL,N296AT,334,1200,1152,1423,1404,1206,1353,False
3115701,2009-04-28,LGA,ORD,UA,N807UA,679,1200,1156,1340,1311,1210,1304,False
3115702,2009-04-28,BOS,LGA,US,N755US,2127,1200,1151,1316,1318,1235,1313,False
3115703,2009-04-28,DCA,LGA,US,N748UW,2170,1200,1152,1314,1316,1230,1307,False
3115704,2009-04-28,LGA,BOS,US,,2126,1200,9999,1312,9999,9999,9999,True
3115705,2009-04-28,LGA,DCA,US,N752US,2173,1200,1154,1316,1247,1204,1243,False
3115706,2009-04-28,JAX,LGA,OH,N868CA,6780,1209,1209,1445,1519,1230,1508,False
3115707,2009-04-28,ORD,LGA,AA,N502AA,374,1215,1215,1525,1544,1239,1538,False
3115708,2009-04-28,DTW,LGA,MQ,N737MQ,4868,1215,1234,1410,1449,1303,1445,False
3115709,2009-04-28,FLL,LGA,B6,N568JB,376,1230,1243,1535,1550,1300,1546,False
3115710,2009-04-28,LGA,BOS,DL,N917DE,1382,1230,9999,1340,9999,9999,9999,True
3115711,2009-04-28,BOS,LGA,DL,N916DE,1385,1230,1228,1340,1333,1248,1329,False
3115712,2009-04-28,DFW,LGA,AA,N4YTAA,732,1235,1240,1715,1654,1258,1652,False
3115713,2009-04-28,LGA,DTW,NW,N347NW,535,1235,1255,1431,1436,1302,1430,False
3115714,2009-04-28,LGA,DFW,AA,N495AA,743,1240,1236,1535,1510,1249,1501,False
3115715,2009-04-28,ATL,LGA,DL,N665DN,1780,1240,1237,1500,1527,1256,1517,False
3115716,2009-04-28,LGA,CMH,MQ,N739MQ,4878,1240,1230,1430,1401,1243,1356,False
3115717,2009-04-28,CMH,LGA,OH,N916CA,6720,1242,1232,1423,1442,1255,1435,False
3115718,2009-04-28,ATL,LGA,FL,N891AT,366,1245,1307,1458,1528,1315,1523,False
3115719,2009-04-28,RDU,LGA,OH,N966CA,6428,1245,1245,1429,1455,1320,1441,False
3115720,2009-04-28,DEN,LGA,UA,N574UA,558,1252,1320,1839,1857,1336,1853,False
3115721,2009-04-28,LGA,ATL,DL,N673DL,427,1255,1336,1527,1619,1421,1609,False
3115722,2009-04-28,LGA,MSP,NW,N329NB,515,1255,1300,1458,1440,1312,1438,False
3115723,2009-04-28,SAV,LGA,OH,N917CA,6756,1255,1400,1512,1615,1415,1608,False
3115724,2009-04-28,LGA,CLT,US,N732US,1573,1259,1251,1453,1430,1305,1422,False
3115725,2009-04-28,ORD,LGA,AA,N4XWAA,370,1300,9999,1615,9999,9999,9999,True
3115726,2009-04-28,LGA,IAH,CO,N16642,433,1300,1258,1600,1614,1314,1531,False
3115727,2009-04-28,LGA,RDU,MQ,N840MQ,4718,1300,1254,1445,1415,1306,1411,False
3115728,2009-04-28,LGA,ORD,UA,N836UA,681,1300,1251,1440,1410,1300,1356,False
3115729,2009-04-28,BOS,LGA,US,N769US,2129,1300,1250,1414,1403,1307,1355,False
3115730,2009-04-28,DCA,LGA,US,N765US,2172,1300,1254,1425,1652,1559,1645,False
3115731,2009-04-28,LGA,BOS,US,N712US,2128,1300,1255,1405,1350,1308,1346,False
3115732,2009-04-28,LGA,DCA,US,N766US,2175,1300,1330,1408,1412,1336,1410,False
3115733,2009-04-28,ORD,LGA,UA,N833UA,682,1304,1301,1622,1611,1322,1608,False
3115734,2009-04-28,IAD,LGA,YV,N75992,7147,1304,1329,1443,1535,1427,1531,False
3115735,2009-04-28,MSP,LGA,NW,N362NW,510,1305,1302,1652,1648,1327,1637,False
3115736,2009-04-28,CLT,LGA,US,N750UW,1628,1305,1310,1459,1521,1325,1511,False
3115737,2009-04-28,LGA,ORD,AA,N465AA,329,1310,1303,1440,1423,1316,1414,False
3115738,2009-04-28,LGA,DFW,AA,N556AA,745,1310,1308,1610,1537,1320,1535,False
3115739,2009-04-28,LGA,FLL,B6,N599JB,377,1310,1304,1612,1542,1317,1536,False
3115740,2009-04-28,IAH,LGA,CO,N23707,532,1315,1325,1757,1755,1337,1750,False
3115741,2009-04-28,IND,LGA,OH,N597SW,6348,1320,1310,1530,1555,1336,1545,False
3115742,2009-04-28,MIA,LGA,AA,N5BUAA,2016,1325,1605,1625,1859,1618,1855,False
3115743,2009-04-28,LGA,BOS,MQ,N720MQ,4811,1325,1335,1435,1425,1348,1421,False
3115744,2009-04-28,LGA,ATL,FL,N923AT,318,1328,1322,1600,1531,1332,1522,False
3115745,2009-04-28,LGA,BOS,DL,N909DL,1384,1330,1328,1444,1435,1352,1430,False
3115746,2009-04-28,BOS,LGA,DL,N912DE,1387,1330,1330,1442,1457,1341,1455,False
3115747,2009-04-28,DTW,LGA,NW,N551NW,528,1330,1325,1522,1546,1347,1534,False
3115748,2009-04-28,LGA,DFW,AA,N467AA,751,1340,1332,1645,1606,1346,1602,False
3115749,2009-04-28,ATL,LGA,DL,N617DL,1782,1340,1337,1602,1603,1357,1554,False
3115750,2009-04-28,LGA,CVG,OH,N538CA,6318,1344,1344,1605,1547,1408,1542,False
3115751,2009-04-28,RDU,LGA,MQ,N713MQ,4732,1345,1344,1530,1705,1542,1700,False
3115752,2009-04-28,LGA,DTW,MQ,N725MQ,4874,1345,1339,1550,1531,1354,1522,False
3115753,2009-04-28,LGA,RDU,OH,N675BR,6483,1352,1345,1545,1538,1400,1508,False
3115754,2009-04-28,DFW,LGA,AA,N525AA,736,1355,1405,1835,1824,1421,1819,False
3115755,2009-04-28,LGA,ATL,DL,N692DL,667,1355,1352,1630,1623,1422,1611,False
3115756,2009-04-28,LGA,BHM,OH,N590SW,6425,1357,1357,1548,1528,1419,1525,False
3115757,2009-04-28,LGA,ORD,AA,N4XPAA,333,1359,1352,1534,1521,1413,1514,False
3115758,2009-04-28,CVG,LGA,DL,N911DA,1216,1400,1352,1559,1555,1411,1548,False
3115759,2009-04-28,LGA,RDU,MQ,N710MQ,4711,1400,1354,1545,1531,1415,1528,False
3115760,2009-04-28,ORD,LGA,UA,N852UA,684,1400,1354,1718,1701,1421,1657,False
3115761,2009-04-28,BOS,LGA,US,N751UW,2131,1400,1355,1514,1518,1422,1509,False
3115762,2009-04-28,DCA,LGA,US,N752US,2174,1400,1354,1520,1632,1544,1626,False
3115763,2009-04-28,LGA,BOS,US,N755US,2130,1400,1350,1510,1446,1403,1442,False
3115764,2009-04-28,LGA,DCA,US,N748UW,2177,1400,1352,1517,1450,1401,1444,False
3115765,2009-04-28,LGA,ORD,UA,N376UA,683,1403,1355,1546,1515,1409,1512,False
3115766,2009-04-28,LGA,MIA,AA,N5CTAA,1423,1405,1403,1715,1654,1424,1651,False
3115767,2009-04-28,TYS,LGA,OH,N34CA,6618,1405,1520,1614,1807,1614,1757,False
3115768,2009-04-28,ATL,LGA,FL,N978AT,683,1406,1404,1618,1616,1422,1610,False
3115769,2009-04-28,CAK,LGA,FL,N939AT,207,1408,1419,1534,1610,1444,1606,False
3115770,2009-04-28,ORD,LGA,AA,N618AA,366,1415,1434,1730,1838,1545,1830,False
3115771,2009-04-28,MCO,LGA,DL,N975DL,1486,1415,1410,1658,1652,1424,1644,False
3115772,2009-04-28,MEM,LGA,NW,N349NB,508,1415,1406,1810,1809,1434,1802,False
3115773,2009-04-28,MCI,LGA,OH,N689CA,6542,1418,1410,1754,1811,1430,1801,False
3115774,2009-04-28,LGA,MSP,NW,N377NW,511,1420,1410,1621,1617,1437,1611,False
3115775,2009-04-28,LGA,PBI,DL,N919DE,1425,1425,1420,1730,1701,1439,1656,False
3115776,2009-04-28,CLT,LGA,US,N740UW,1182,1426,1424,1620,1617,1448,1612,False
3115777,2009-04-28,LGA,DFW,AA,N432AA,753,1429,1422,1729,1700,1441,1657,False
3115778,2009-04-28,LGA,DTW,NW,N945N,531,1429,1447,1630,1643,1504,1635,False
3115779,2009-04-28,LGA,BOS,DL,N916DE,1386,1430,1429,1543,1535,1451,1533,False
3115780,2009-04-28,BOS,LGA,DL,N917DE,1389,1430,9999,1540,9999,9999,9999,True
3115781,2009-04-28,LGA,SAV,OH,N712CA,6689,1430,1430,1700,1659,1509,1655,False
3115782,2009-04-28,CHS,LGA,OH,N962CA,6734,1430,1420,1634,1630,1438,1616,False
3115783,2009-04-28,JAX,LGA,OH,N918CA,6746,1430,1430,1659,1739,1501,1730,False
3115784,2009-04-28,LGA,DEN,UA,N828UA,745,1438,1433,1715,1649,1457,1641,False
3115785,2009-04-28,STL,LGA,AA,N584AA,1104,1440,1543,1810,1904,1602,1902,False
3115786,2009-04-28,LGA,IAH,CO,N46625,133,1440,1454,1751,1804,1524,1757,False
3115787,2009-04-28,ATL,LGA,DL,N6716C,1784,1440,1438,1702,1705,1459,1654,False
3115788,2009-04-28,LGA,CLE,MQ,N736MQ,4887,1445,1439,1635,1616,1500,1613,False
3115789,2009-04-28,LGA,FLL,NW,N348NB,1665,1445,1440,1758,1734,1458,1729,False
3115790,2009-04-28,LGA,CLT,US,N109UW,1437,1445,1441,1646,1645,1502,1620,False
3115791,2009-04-28,MIA,LGA,AA,N614AA,1530,1450,1451,1750,1758,1519,1755,False
3115792,2009-04-28,LGA,XNA,MQ,N717MQ,4825,1450,1454,1720,1726,1518,1705,False
3115793,2009-04-28,PBI,LGA,DL,N918DL,1496,1454,1452,1743,1744,1504,1737,False
3115794,2009-04-28,LGA,ORD,AA,N529AA,335,1455,1452,1635,1638,1507,1631,False
3115795,2009-04-28,LGA,MCO,B6,N506JB,395,1455,1450,1749,1730,1515,1721,False
3115796,2009-04-28,LGA,ATL,DL,N928DL,1787,1455,1506,1732,1727,1528,1718,False
3115797,2009-04-28,ATL,LGA,FL,N927AT,337,1455,1639,1708,1854,1702,1851,False
3115798,2009-04-28,LGA,DFW,AA,N5ELAA,759,1500,1454,1805,1746,1525,1728,False
3115799,2009-04-28,LGA,TPA,DL,N949DL,1507,1500,1456,1809,1749,1534,1747,False
3115800,2009-04-28,LGA,RDU,MQ,N808MQ,4716,1500,1457,1650,1640,1527,1634,False
3115801,2009-04-28,LGA,PIT,MQ,N711MQ,4903,1500,1456,1640,1628,1522,1622,False
3115802,2009-04-28,FLL,LGA,NW,N332NB,1442,1500,1501,1804,1819,1532,1810,False
3115803,2009-04-28,BOS,LGA,US,N712US,2133,1500,1505,1612,1706,1608,1658,False
3115804,2009-04-28,DCA,LGA,US,N766US,2176,1500,1455,1618,1644,1552,1635,False
3115805,2009-04-28,LGA,BOS,US,N769US,2132,1500,1458,1616,1601,1518,1557,False
3115806,2009-04-28,LGA,DCA,US,,2179,1500,9999,1616,9999,9999,9999,True
3115807,2009-04-28,ORD,LGA,UA,N839UA,686,1502,1610,1823,1928,1640,1922,False
3115808,2009-04-28,DTW,LGA,NW,N8960E,530,1504,1536,1659,1737,1608,1730,False
3115809,2009-04-28,LGA,ORD,UA,N849UA,685,1504,1521,1644,1637,1539,1633,False
3115810,2009-04-28,ORD,LGA,AA,N547AA,360,1505,1552,1825,1924,1635,1919,False
3115811,2009-04-28,BOS,LGA,MQ,N730MQ,4810,1505,1458,1620,1724,1626,1721,False
3115812,2009-04-28,MSP,LGA,NW,N527US,518,1505,1541,1853,1914,1558,1905,False
3115813,2009-04-28,DFW,LGA,AA,N512AA,738,1510,1627,1950,2051,1648,2045,False
3115814,2009-04-28,LGA,GSP,OH,N868CA,6571,1510,1540,1724,1750,1606,1747,False
3115815,2009-04-28,LGA,LEX,OH,N966CA,6713,1514,1514,1740,1725,1552,1720,False
3115816,2009-04-28,IND,LGA,9E,87339E,2169,1515,1512,1729,1719,1536,1711,False
3115817,2009-04-28,LGA,IAD,YV,N75992,7147,1519,1554,1655,1713,1624,1707,False
3115818,2009-04-28,CMH,LGA,MQ,N739MQ,4857,1520,1510,1710,1654,1531,1651,False
3115819,2009-04-28,LGA,RDU,MQ,N737MQ,4736,1525,1518,1715,1658,1542,1649,False
3115820,2009-04-28,LGA,BNA,AA,N4YEAA,1741,1530,1545,1700,1705,1610,1659,False
3115821,2009-04-28,LGA,BOS,DL,N912DE,1388,1530,1528,1647,1623,1540,1614,False
3115822,2009-04-28,BOS,LGA,DL,N909DL,1391,1530,1528,1640,1704,1614,1701,False
3115823,2009-04-28,ATL,LGA,FL,N957AT,500,1530,1637,1756,1852,1654,1846,False
3115824,2009-04-28,LGA,ATL,FL,N891AT,367,1533,1554,1804,1812,1615,1803,False
3115825,2009-04-28,LGA,IND,OH,N779CA,6387,1535,1600,1803,1835,1633,1827,False
3115826,2009-04-28,DFW,LGA,AA,N3BDAA,740,1540,1640,2020,2105,1703,2058,False
3115827,2009-04-28,ATL,LGA,DL,N711ZX,1786,1540,1554,1759,1826,1631,1815,False
3115828,2009-04-28,LGA,CMH,MQ,N721MQ,4919,1540,1538,1740,1717,1554,1711,False
3115829,2009-04-28,IAH,LGA,CO,N14628,632,1545,1650,2034,2122,1706,2118,False
3115830,2009-04-28,CLE,LGA,CO,N69348,1450,1545,1700,1726,1839,1719,1834,False
3115831,2009-04-28,LGA,JAX,OH,N597SW,6779,1545,1620,1827,1847,1658,1844,False
3115832,2009-04-28,LGA,PIT,US,N750UW,1260,1545,1544,1720,1707,1607,1701,False
3115833,2009-04-28,RDU,LGA,MQ,N842MQ,4730,1550,1605,1730,1828,1709,1821,False
3115834,2009-04-28,LGA,ATL,DL,N665DN,1789,1555,1604,1833,1826,1629,1819,False
3115835,2009-04-28,ORD,LGA,AA,N465AA,358,1600,1646,1920,1950,1707,1945,False
3115836,2009-04-28,LGA,CHS,OH,N917CA,6481,1600,1650,1824,1900,1726,1855,False
3115837,2009-04-28,BOS,LGA,US,N755US,2135,1600,1552,1713,1715,1618,1706,False
3115838,2009-04-28,DCA,LGA,US,N748UW,2178,1600,1554,1713,1715,1614,1708,False
3115839,2009-04-28,LGA,BOS,US,N751UW,2134,1600,1553,1717,1705,1617,1657,False
3115840,2009-04-28,LGA,DCA,US,N752US,2181,1600,1653,1716,1753,1710,1750,False
3115841,2009-04-28,ORD,LGA,UA,N426UA,688,1604,1839,1925,2149,1904,2145,False
3115842,2009-04-28,MIA,LGA,AA,N3CDAA,592,1610,1650,1915,2019,1727,2015,False
3115843,2009-04-28,CLT,LGA,US,N124US,1490,1610,1614,1807,1850,1713,1843,False
3115844,2009-04-28,LGA,MIA,AA,N631AA,1559,1615,1705,1930,1956,1730,1947,False
3115845,2009-04-28,LGA,CLE,CO,N17620,1057,1615,1637,1814,1822,1655,1818,False
3115846,2009-04-28,BOS,LGA,MQ,N703MQ,4823,1615,1705,1725,1823,1728,1818,False
3115847,2009-04-28,DTW,LGA,MQ,N725MQ,4876,1615,1700,1805,1937,1801,1931,False
3115848,2009-04-28,LGA,RDU,OH,N916CA,6467,1615,1605,1817,1755,1636,1750,False
3115849,2009-04-28,RDU,LGA,OH,N675BR,6630,1615,1625,1758,1815,1655,1806,False
3115850,2009-04-28,LGA,DTW,NW,N551NW,1189,1616,1619,1825,1810,1638,1803,False
3115851,2009-04-28,LGA,FLL,B6,N568JB,381,1620,1629,1933,1931,1702,1925,False
3115852,2009-04-28,LGA,RDU,MQ,N718MQ,4782,1620,1618,1810,1800,1646,1753,False
3115853,2009-04-28,DEN,LGA,UA,N527UA,406,1621,1736,2159,2256,1750,2252,False
3115854,2009-04-28,DEN,LGA,F9,N948FR,516,1627,1659,2205,2228,1715,2221,False
3115855,2009-04-28,LGA,ATL,FL,N939AT,369,1629,1640,1905,1855,1659,1846,False
3115856,2009-04-28,DFW,LGA,AA,N495AA,742,1630,1658,2115,2128,1718,2125,False
3115857,2009-04-28,LGA,BOS,DL,N909DL,1390,1630,1732,1747,1850,1801,1840,False
3115858,2009-04-28,BOS,LGA,DL,N916DE,1393,1630,1630,1745,1746,1649,1742,False
3115859,2009-04-28,LGA,MEM,NW,N339NB,507,1630,1628,1830,1803,1639,1757,False
3115860,2009-04-28,LGA,ORD,AA,N502AA,341,1635,1630,1815,1744,1642,1740,False
3115861,2009-04-28,LGA,STL,AA,N478AA,2223,1635,1652,1830,1835,1713,1829,False
3115862,2009-04-28,ATL,LGA,DL,N751AT,1788,1640,1659,1909,1925,1724,1912,False
3115863,2009-04-28,LGA,CVG,DL,N911DA,1219,1645,1639,1908,1849,1707,1842,False
3115864,2009-04-28,RDU,LGA,MQ,N822MQ,4735,1645,1702,1830,1930,1810,1920,False
3115865,2009-04-28,CVG,LGA,OH,N676CA,6502,1645,1731,1850,1924,1743,1916,False
3115866,2009-04-28,ORD,LGA,AA,N457AA,354,1650,1659,2015,2056,1754,2035,False
3115867,2009-04-28,PHF,LGA,FL,N994AT,644,1650,1746,1824,1918,1800,1901,False
3115868,2009-04-28,LGA,ATL,DL,N617DL,1791,1655,1648,1934,1920,1712,1903,False
3115869,2009-04-28,LGA,MKE,FL,N978AT,327,1656,1648,1826,1810,1709,1806,False
3115870,2009-04-28,LGA,CHS,OH,N34CA,6771,1700,1830,1918,2024,1853,2020,False
3115871,2009-04-28,ORD,LGA,UA,,690,1700,9999,2020,9999,9999,9999,True
3115872,2009-04-28,BOS,LGA,US,N769US,2137,1700,1652,1817,1815,1724,1808,False
3115873,2009-04-28,DCA,LGA,US,,2180,1700,9999,1819,9999,9999,9999,True
3115874,2009-04-28,LGA,BOS,US,N712US,2136,1700,1736,1823,1834,1750,1829,False
3115875,2009-04-28,LGA,CLT,US,N740UW,1537,1700,1655,1906,1841,1718,1838,False
3115876,2009-04-28,LGA,DCA,US,N766US,2183,1700,1710,1819,1813,1726,1808,False
3115877,2009-04-28,DFW,LGA,AA,N556AA,744,1705,1725,2145,2248,1845,2241,False
3115878,2009-04-28,LGA,IAH,CO,N17730,1433,1705,1724,2012,2013,1735,2008,False
3115879,2009-04-28,ATL,LGA,FL,N958AT,401,1705,1833,1924,2227,1841,2224,False
3115880,2009-04-28,PIT,LGA,MQ,N711MQ,4902,1705,1707,1840,1845,1730,1841,False
3115881,2009-04-28,LGA,ORD,UA,N833UA,689,1705,1704,1845,1829,1722,1825,False
3115882,2009-04-28,CLE,LGA,XE,N14972,2378,1705,1812,1848,1940,1823,1934,False
3115883,2009-04-28,CLE,LGA,MQ,N725MQ,4828,1710,9999,1900,9999,9999,9999,True
3115884,2009-04-28,MSP,LGA,NW,N336NW,514,1710,1714,2058,2113,1751,2103,False
3115885,2009-04-28,DTW,LGA,NW,N359NW,536,1712,1749,1906,1939,1808,1933,False
3115886,2009-04-28,LGA,RDU,MQ,N837MQ,4720,1715,1802,1905,1933,1820,1926,False
3115887,2009-04-28,LGA,BOS,MQ,N739MQ,4813,1715,1735,1835,1834,1753,1828,False
3115888,2009-04-28,MYR,LGA,OH,N658CA,6380,1715,1753,1910,1956,1807,1945,False
3115889,2009-04-28,LGA,IND,OH,N962CA,6297,1716,1706,1944,1919,1725,1909,False
3115890,2009-04-28,MCO,LGA,FL,N289AT,372,1720,1803,2000,2043,1817,2038,False
3115891,2009-04-28,BHM,LGA,OH,N819CA,6430,1720,1825,2105,2205,1845,2155,False
3115892,2009-04-28,PBI,LGA,B6,N645JB,364,1723,1826,2017,2115,1842,2110,False
3115893,2009-04-28,LGA,DEN,UA,N572UA,409,1727,1723,2006,1933,1740,1927,False
3115894,2009-04-28,LGA,ORD,AA,N418AA,345,1730,1725,1910,1845,1741,1842,False
3115895,2009-04-28,LGA,DFW,AA,N262AA,763,1730,1724,2040,2012,1743,1959,False
3115896,2009-04-28,LGA,BOS,DL,N909DL,1392,1730,9999,1852,9999,9999,9999,True
3115897,2009-04-28,BOS,LGA,DL,N912DE,1395,1730,1728,1844,1830,1743,1826,False
3115898,2009-04-28,LGA,DEN,F9,N943FR,511,1730,1720,1954,1936,1733,1930,False
3115899,2009-04-28,ORD,LGA,AA,N4XLAA,352,1735,1752,2055,2124,1834,2116,False
3115900,2009-04-28,DFW,LGA,AA,N467AA,750,1740,1830,2220,2249,1846,2245,False
3115901,2009-04-28,ATL,LGA,DL,N692DL,1790,1740,1802,1959,2035,1832,2026,False
3115902,2009-04-28,RDU,LGA,MQ,N733MQ,4731,1740,1817,1920,2009,1832,2003,False
3115903,2009-04-28,LGA,ATL,FL,N927AT,422,1743,1919,2015,2122,1932,2116,False
3115904,2009-04-28,IAH,LGA,CO,N11641,1632,1745,1822,2229,2318,1903,2313,False
3115905,2009-04-28,LEX,LGA,OH,N957CA,6714,1745,1830,1944,2030,1840,2024,False
3115906,2009-04-28,BNA,LGA,AA,N4YEAA,1684,1750,1826,2059,2152,1900,2148,False
3115907,2009-04-28,XNA,LGA,MQ,N717MQ,4840,1750,1755,2155,2213,1838,2203,False
3115908,2009-04-28,LGA,DTW,NW,N8960E,545,1750,1810,2003,2003,1825,1955,False
3115909,2009-04-28,MKE,LGA,FL,N926AT,514,1753,1904,2059,2158,1915,2152,False
3115910,2009-04-28,LGA,ATL,DL,N6716C,1793,1755,1750,2038,2007,1810,1958,False
3115911,2009-04-28,FLL,LGA,B6,N593JB,378,1800,1913,2104,2220,1944,2217,False
3115912,2009-04-28,LGA,MSP,NW,N362NW,1273,1800,1753,2007,1954,1812,1948,False
3115913,2009-04-28,LGA,ORD,UA,N852UA,691,1800,1756,1940,1913,1805,1909,False
3115914,2009-04-28,BOS,LGA,US,N751UW,2139,1800,1754,1919,1924,1821,1918,False
3115915,2009-04-28,DCA,LGA,US,N752US,2182,1800,1828,1920,1948,1842,1944,False
3115916,2009-04-28,LGA,BOS,US,N755US,2138,1800,1753,1917,1854,1804,1849,False
3115917,2009-04-28,LGA,DCA,US,N748UW,2185,1800,1758,1918,1905,1814,1900,False
3115918,2009-04-28,CMH,LGA,MQ,N721MQ,4918,1805,1841,1955,2036,1909,2031,False
3115919,2009-04-28,ORD,LGA,UA,N538UA,836,1809,1929,2129,2213,1939,2210,False
3115920,2009-04-28,DEN,LGA,UA,N846UA,408,1814,1810,2355,2330,1822,2326,False
3115921,2009-04-28,LGA,CLE,CO,N69348,1651,1815,1911,2008,2046,1926,2041,False
3115922,2009-04-28,LGA,DSM,MQ,N713MQ,4822,1815,1805,2030,1957,1822,1953,False
3115923,2009-04-28,LGA,RDU,OH,N918CA,6725,1815,1805,2010,1945,1824,1931,False
3115924,2009-04-28,CLT,LGA,US,N183UW,1630,1815,1950,2011,2150,2016,2146,False
3115925,2009-04-28,LGA,DFW,AA,N4YTAA,785,1820,1817,2120,2053,1831,2045,False
3115926,2009-04-28,MIA,LGA,AA,N5CLAA,1876,1820,1953,2125,2231,2004,2228,False
3115927,2009-04-28,MCO,LGA,DL,N926DL,1448,1820,1853,2109,2150,1927,2143,False
3115928,2009-04-28,LGA,CMH,MQ,N842MQ,4855,1820,1851,2020,2034,1907,2027,False
3115929,2009-04-28,DFW,LGA,AA,N432AA,762,1825,1832,2300,2254,1854,2249,False
3115930,2009-04-28,GSP,LGA,OH,N868CA,6538,1827,1827,2029,2116,1926,2103,False
3115931,2009-04-28,LGA,MCO,DL,N975DL,1489,1829,1849,2124,2115,1901,2107,False
3115932,2009-04-28,LGA,BOS,DL,N916DE,1394,1830,1829,1950,1934,1843,1918,False
3115933,2009-04-28,BOS,LGA,DL,N909DL,1397,1830,1915,1946,2035,1935,2032,False
3115934,2009-04-28,MCI,LGA,OH,N678CA,6652,1830,1855,2159,2255,1924,2250,False
3115935,2009-04-28,LGA,ATL,FL,N957AT,357,1831,1911,2109,2119,1923,2112,False
3115936,2009-04-28,PBI,LGA,DL,N924DL,1412,1835,1832,2131,2207,1929,2201,False
3115937,2009-04-28,MEM,LGA,NW,N366NB,504,1835,1854,2228,2240,1927,2232,False
3115938,2009-04-28,SAV,LGA,OH,N436CA,6660,1838,1930,2055,2139,1940,2134,False
3115939,2009-04-28,ORD,LGA,AA,N444AA,350,1840,1918,2200,2238,2003,2235,False
3115940,2009-04-28,ATL,LGA,DL,N632DL,1792,1840,1836,2111,2120,1917,2105,False
3115941,2009-04-28,RDU,LGA,MQ,N718MQ,4775,1840,1834,2025,2115,1956,2108,False
3115942,2009-04-28,IND,LGA,OH,N779CA,6320,1840,1930,2105,2150,2000,2142,False
3115943,2009-04-28,LGA,ORD,AA,N618AA,347,1845,2108,2020,2239,2135,2234,False
3115944,2009-04-28,IAH,LGA,CO,N21723,732,1845,1854,2319,2327,1923,2323,False
3115945,2009-04-28,LGA,BOS,MQ,N853MQ,4815,1845,1952,2000,2040,2004,2036,False
3115946,2009-04-28,LGA,DSM,OH,N675BR,6369,1845,1840,2101,2032,1904,2027,False
3115947,2009-04-28,RDU,LGA,OH,N916CA,6522,1847,1930,2043,2058,1944,2053,False
3115948,2009-04-28,LGA,IAH,CO,N23707,233,1850,1845,2144,2116,1853,2112,False
3115949,2009-04-28,LGA,DTW,NW,N349NB,529,1850,1844,2056,2029,1857,2022,False
3115950,2009-04-28,CHS,LGA,OH,N917CA,6410,1852,1955,2100,2215,2028,2155,False
3115951,2009-04-28,TPA,LGA,DL,N949DL,1508,1855,1851,2145,2208,1935,2155,False
3115952,2009-04-28,LGA,CRW,MQ,N725MQ,4830,1855,1957,2055,2125,2016,2123,False
3115953,2009-04-28,LGA,CLT,US,N124US,1489,1855,1922,2059,2055,1934,2051,False
3115954,2009-04-28,JAX,LGA,OH,N597SW,6686,1857,1924,2130,2215,2009,2209,False
3115955,2009-04-28,LGA,PHF,FL,N994AT,915,1859,1940,2027,2044,1955,2040,False
3115956,2009-04-28,LGA,CVG,OH,N689CA,6373,1859,1850,2115,2056,1913,2048,False
3115957,2009-04-28,LGA,ATL,DL,N711ZX,1795,1900,1858,2144,2133,1927,2114,False
3115958,2009-04-28,BOS,LGA,MQ,N739MQ,4806,1900,1941,2015,2057,2008,2053,False
3115959,2009-04-28,MSP,LGA,NW,N517US,516,1900,1851,2240,2244,1928,2233,False
3115960,2009-04-28,BOS,LGA,US,N712US,2141,1900,1855,2018,2022,1921,2014,False
3115961,2009-04-28,DCA,LGA,US,N766US,2184,1900,1851,2025,2004,1907,1958,False
3115962,2009-04-28,LGA,BOS,US,N769US,2140,1900,1857,2019,1953,1909,1947,False
3115963,2009-04-28,LGA,DCA,US,N765US,2187,1900,1853,2018,1947,1904,1943,False
3115964,2009-04-28,DTW,LGA,NW,N357NW,538,1904,1951,2105,2137,2013,2131,False
3115965,2009-04-28,LGA,MIA,AA,N614AA,2011,1905,1852,2210,2131,1906,2124,False
3115966,2009-04-28,LGA,ORD,UA,N839UA,693,1905,2002,2045,2116,2017,2111,False
3115967,2009-04-28,DFW,LGA,AA,N5ELAA,766,1910,1914,2330,2318,1928,2314,False
3115968,2009-04-28,MCO,LGA,B6,N536JB,396,1913,2014,2155,2246,2036,2243,False
3115969,2009-04-28,LGA,DFW,AA,N584AA,787,1915,1937,2215,2218,1956,2213,False
3115970,2009-04-28,ATL,LGA,FL,N285AT,364,1915,2010,2129,2225,2029,2220,False
3115971,2009-04-28,ORD,LGA,AA,N561AA,348,1920,2006,2235,2313,2020,2307,False
3115972,2009-04-28,STL,LGA,AA,N478AA,1060,1920,1948,2245,2306,2004,2259,False
3115973,2009-04-28,LGA,XNA,MQ,N711MQ,4913,1920,1918,2155,2121,1931,2115,False
3115974,2009-04-28,CLE,LGA,XE,N13979,2328,1920,2003,2103,2141,2022,2136,False
3115975,2009-04-28,LGA,IND,9E,87339E,2166,1930,1925,2200,2132,1940,2126,False
3115976,2009-04-28,LGA,BOS,DL,N912DE,1396,1930,1927,2049,2022,1943,2016,False
3115977,2009-04-28,BOS,LGA,DL,N960DL,1399,1930,1927,2044,2101,2014,2057,False
3115978,2009-04-28,LGA,RDU,MQ,N822MQ,4738,1930,1957,2115,2130,2013,2123,False
3115979,2009-04-28,LGA,IAD,UA,N574UA,847,1930,1929,2102,2036,1946,2031,False
3115980,2009-04-28,LGA,CLE,XE,N14972,2381,1930,1951,2122,2149,2031,2145,False
3115981,2009-04-28,LGA,ORD,AA,N547AA,363,1935,2027,2110,2152,2044,2146,False
3115982,2009-04-28,LGA,BNA,AA,N525AA,1551,1940,1930,2110,2052,1952,2045,False
3115983,2009-04-28,ATL,LGA,DL,N645DL,1794,1940,2006,2206,2242,2026,2212,False
3115984,2009-04-28,RDU,LGA,MQ,N737MQ,4745,1940,1949,2129,2130,2009,2125,False
3115985,2009-04-28,CLT,LGA,US,N170US,834,1950,1948,2137,2133,2001,2128,False
3115986,2009-04-28,ORD,LGA,AA,N4XWAA,346,1955,1947,2305,2241,2004,2237,False
3115987,2009-04-28,LGA,CAK,FL,N919AT,213,1959,2253,2141,13,2307,9,False
3115988,2009-04-28,CVG,LGA,DL,N3739P,1218,2000,2010,2205,2204,2032,2157,False
3115989,2009-04-28,LGA,ATL,DL,N751AT,1797,2000,2002,2238,2226,2027,2215,False
3115990,2009-04-28,LGA,MSP,NW,N527US,519,2000,1947,2208,2142,2006,2139,False
3115991,2009-04-28,LGA,DTW,NW,N359NW,527,2000,2013,2208,2208,2030,2154,False
3115992,2009-04-28,LGA,MCI,OH,N676CA,6521,2000,2000,2227,2206,2020,2159,False
3115993,2009-04-28,BOS,LGA,US,N754UW,2143,2000,1950,2115,2112,2019,2102,False
3115994,2009-04-28,DCA,LGA,US,N748UW,2186,2000,1952,2126,2128,2032,2121,False
3115995,2009-04-28,LGA,BOS,US,N751UW,2142,2000,1953,2117,2048,2008,2041,False
3115996,2009-04-28,LGA,DCA,US,N752US,2189,2000,2007,2122,2101,2022,2058,False
3115997,2009-04-28,LGA,CMH,MQ,N733MQ,4888,2005,2032,2200,2215,2053,2211,False
3115998,2009-04-28,LGA,ORD,UA,N426UA,695,2005,2219,2145,2328,2230,2321,False
3115999,2009-04-28,FLL,LGA,B6,N568JB,382,2015,2008,2315,2301,2028,2257,False
3116000,2009-04-28,ORD,LGA,AA,N572AA,336,2025,2018,2330,2309,2032,2304,False
3116001,2009-04-28,LGA,MIA,AA,N3CDAA,1709,2025,2055,2330,2349,2122,2345,False
3116002,2009-04-28,LGA,ORD,AA,N465AA,371,2029,2033,2204,2150,2052,2143,False
3116003,2009-04-28,LGA,BOS,DL,N909DL,1398,2030,2048,2149,2210,2124,2201,False
3116004,2009-04-28,LGA,SAV,OH,N957CA,6757,2030,2050,2259,2300,2118,2256,False
3116005,2009-04-28,LGA,JAX,OH,N658CA,6773,2030,2029,2309,2240,2044,2230,False
3116006,2009-04-28,MIA,LGA,AA,N631AA,1226,2035,2053,2330,2331,2106,2328,False
3116007,2009-04-28,LGA,CLE,MQ,N721MQ,4891,2035,2103,2220,2256,2138,2252,False
3116008,2009-04-28,ATL,LGA,DL,N643DL,18,2040,2039,2307,2302,2106,2247,False
3116009,2009-04-28,ATL,LGA,FL,N959AT,358,2045,2110,2303,2314,2127,2308,False
3116010,2009-04-28,ORD,LGA,UA,N825UA,694,2051,2046,2359,2333,2056,2330,False
3116011,2009-04-28,LGA,DTW,MQ,N737MQ,4832,2055,2157,2255,2344,2211,2337,False
3116012,2009-04-28,LGA,STL,AA,N512AA,2019,2100,2128,2240,2305,2147,2300,False
3116013,2009-04-28,LGA,ATL,DL,N692DL,1799,2100,2101,2328,2324,2132,2317,False
3116014,2009-04-28,DCA,LGA,US,N765US,2188,2100,2052,2212,2154,2106,2150,False
3116015,2009-04-28,LGA,BOS,US,N712US,2144,2100,2052,2213,2156,2116,2151,False
3116016,2009-04-28,LGA,DCA,US,N766US,2191,2100,2049,2214,2152,2109,2148,False
3116017,2009-04-28,LGA,PBI,B6,N645JB,369,2102,2141,2354,5,2155,3,False
3116018,2009-04-28,LGA,CMH,MQ,N718MQ,4879,2105,2145,2255,2327,2202,2322,False
3116019,2009-04-28,DTW,LGA,NW,N528US,212,2112,2133,2255,2315,2156,2310,False
3116020,2009-04-28,LGA,CAE,OH,N868CA,6523,2115,2140,2314,2345,2201,2341,False
3116021,2009-04-28,LGA,DFW,AA,N3BDAA,791,2129,2146,24,13,2158,9,False
3116022,2009-04-28,LGA,GRR,OH,N916CA,6331,2129,2124,2347,2324,2150,2320,False
3116023,2009-04-28,ATL,LGA,DL,N687DL,1798,2140,2135,2358,2340,2150,2333,False
3116024,2009-04-28,LGA,TYS,OH,N436CA,6473,2140,2202,2359,4,2226,2359,False
3116025,2009-04-28,LGA,FLL,B6,N593JB,383,2145,2247,38,123,2302,120,False
3116026,2009-04-28,LGA,BHM,OH,N819CA,6677,2145,2235,2319,5,2259,2400,False
3116027,2009-04-28,LGA,CHS,OH,N917CA,6749,2145,2235,2359,40,2306,35,False
3116028,2009-04-28,IAD,LGA,YV,N27172,7327,2155,2149,2315,2257,2204,2254,False
3116029,2009-04-28,CLT,LGA,US,N758US,1632,2209,2206,2351,2348,2226,2343,False
