index,FlightDate,Origin,Dest,Reporting_Airline,Tail_Number,Flight_Number_Reporting_Airline,CRSDepTime,DepTime,CRSArrTime,ArrTime,WheelsOff,WheelsOn,CarrierDelay,WeatherDelay,NASDelay,SecurityDelay,LateAircraftDelay,Cancelled,Diverted,CancellationCode
1948530,2012-07-02,CLE,LGA,MQ,N733MQ,4529,540,533,710,653,547,647,0,0,0,0,0,False,False,Z
1948531,2012-07-02,LGA,IAH,UA,N17229,1714,545,555,819,812,607,808,0,0,0,0,0,False,False,Z
1948532,2012-07-02,RDU,LGA,MQ,N524MQ,4605,555,552,725,713,606,709,0,0,0,0,0,False,False,Z
1948533,2012-07-02,LGA,ORD,AA,N425AA,301,600,558,725,731,613,706,0,0,0,0,0,False,False,Z
1948534,2012-07-02,DFW,LGA,AA,N3ETAA,700,600,603,1025,1015,613,1011,0,0,0,0,0,False,False,Z
1948535,2012-07-02,MIA,LGA,AA,N3HYAA,1114,600,552,850,842,611,833,0,0,0,0,0,False,False,Z
1948536,2012-07-02,LGA,MIA,AA,N3BUAA,1895,600,606,855,845,617,834,0,0,0,0,0,False,False,Z
1948537,2012-07-02,FLL,LGA,B6,N587JB,370,600,556,846,844,612,835,0,0,0,0,0,False,False,Z
1948538,2012-07-02,LGA,FLL,B6,N566JB,371,600,552,852,832,608,827,0,0,0,0,0,False,False,Z
1948539,2012-07-02,MCO,LGA,B6,N537JB,392,600,555,833,828,615,825,0,0,0,0,0,False,False,Z
1948540,2012-07-02,LGA,ATL,DL,N613DL,461,600,604,821,819,624,810,0,0,0,0,0,False,False,Z
1948541,2012-07-02,PWM,LGA,DL,N339NB,713,600,554,728,739,625,723,0,0,0,0,0,False,False,Z
1948542,2012-07-02,LGA,DTW,DL,N936DL,731,600,554,753,800,619,747,0,0,0,0,0,False,False,Z
1948543,2012-07-02,LGA,ATL,FL,N939AT,1172,600,548,810,753,558,744,0,0,0,0,0,False,False,Z
1948544,2012-07-02,LGA,MDW,WN,N8602F,778,600,850,720,1010,918,1003,34,0,0,0,136,False,False,Z
1948545,2012-07-02,MDW,LGA,WN,N214WN,1945,600,559,900,850,609,842,0,0,0,0,0,False,False,Z
1948546,2012-07-02,LGA,IAD,YV,N518LR,3796,600,614,712,725,626,714,0,0,0,0,0,False,False,Z
1948547,2012-07-02,DTW,LGA,MQ,N728MQ,4570,600,554,740,732,607,724,0,0,0,0,0,False,False,Z
1948548,2012-07-02,CMH,LGA,MQ,N530MQ,4643,600,826,735,950,837,946,135,0,0,0,0,False,False,Z
1948549,2012-07-02,CRW,LGA,MQ,N739MQ,4488,600,558,740,717,604,713,0,0,0,0,0,False,False,Z
1948550,2012-07-02,LGA,PHL,US,N946UW,1099,600,559,658,648,610,644,0,0,0,0,0,False,False,Z
1948551,2012-07-02,LGA,BOS,US,N763US,2114,600,556,703,650,612,643,0,0,0,0,0,False,False,Z
1948552,2012-07-02,BOS,LGA,US,N949UW,2115,600,555,713,655,606,650,0,0,0,0,0,False,False,Z
1948553,2012-07-02,DCA,LGA,US,N733UW,2158,600,553,704,647,604,641,0,0,0,0,0,False,False,Z
1948554,2012-07-02,LGA,DCA,US,N748UW,2161,600,553,659,656,605,653,0,0,0,0,0,False,False,Z
1948555,2012-07-02,ORD,LGA,UA,N419UA,668,600,556,908,848,610,845,0,0,0,0,0,False,False,Z
1948556,2012-07-02,LGA,ORD,UA,N837UA,842,600,557,722,705,609,700,0,0,0,0,0,False,False,Z
1948557,2012-07-02,LGA,DFW,AA,N583AA,705,605,601,840,825,615,818,0,0,0,0,0,False,False,Z
1948558,2012-07-02,LGA,DTW,MQ,N723MQ,4571,605,558,800,749,614,738,0,0,0,0,0,False,False,Z
1948559,2012-07-02,LGA,RDU,MQ,N733MQ,4518,605,9999,735,9999,9999,9999,9999,9999,9999,9999,9999,True,False,A
1948560,2012-07-02,CAK,LGA,FL,N287AT,1786,608,604,738,718,611,711,0,0,0,0,0,False,False,Z
1948561,2012-07-02,BUF,LGA,DL,N345NW,1069,610,615,725,741,632,731,0,0,16,0,0,False,False,Z
1948562,2012-07-02,CLT,LGA,MQ,N521MQ,4581,610,607,800,751,620,736,0,0,0,0,0,False,False,Z
1948563,2012-07-02,LGA,MSP,DL,N921DL,1919,615,610,815,812,628,802,0,0,0,0,0,False,False,Z
1948564,2012-07-02,MKE,LGA,FL,N947AT,1265,615,614,915,904,621,859,0,0,0,0,0,False,False,Z
1948565,2012-07-02,CLT,LGA,US,N708UW,1626,615,612,806,749,628,744,0,0,0,0,0,False,False,Z
1948566,2012-07-02,XNA,LGA,MQ,N738MQ,4512,620,611,1035,1001,619,951,0,0,0,0,0,False,False,Z
1948567,2012-07-02,LGA,ORD,AA,N439AA,303,630,622,800,742,635,729,0,0,0,0,0,False,False,Z
1948568,2012-07-02,LGA,TPA,DL,N953DL,2280,630,623,918,905,639,859,0,0,0,0,0,False,False,Z
1948569,2012-07-02,LGA,MKE,FL,N307AT,994,630,622,740,729,634,726,0,0,0,0,0,False,False,Z
1948570,2012-07-02,LGA,CLT,MQ,N514MQ,4576,630,622,825,830,653,821,0,0,0,0,0,False,False,Z
1948571,2012-07-02,LGA,IAH,UA,N27722,1072,630,633,904,902,648,857,0,0,0,0,0,False,False,Z
1948572,2012-07-02,LGA,CLT,US,N536UW,1433,630,716,833,858,737,854,25,0,0,0,0,False,False,Z
1948573,2012-07-02,MCO,LGA,DL,N974DL,2276,635,635,914,850,642,846,0,0,0,0,0,False,False,Z
1948574,2012-07-02,LGA,TPA,B6,N621JB,983,640,635,916,914,650,910,0,0,0,0,0,False,False,Z
1948575,2012-07-02,LGA,MIA,DL,N930DL,2003,640,718,949,1020,750,1014,31,0,0,0,0,False,False,Z
1948576,2012-07-02,LGA,MCO,DL,N3731T,2285,640,634,920,904,655,858,0,0,0,0,0,False,False,Z
1948577,2012-07-02,ORD,LGA,AA,N4WVAA,394,645,647,950,937,701,933,0,0,0,0,0,False,False,Z
1948578,2012-07-02,LGA,FLL,DL,N968DL,1879,645,640,947,921,657,917,0,0,0,0,0,False,False,Z
1948579,2012-07-02,BOS,LGA,US,N945UW,2145,645,634,758,738,649,733,0,0,0,0,0,False,False,Z
1948580,2012-07-02,MIA,LGA,DL,N954DL,2151,650,649,1000,957,711,936,0,0,0,0,0,False,False,Z
1948581,2012-07-02,TPA,LGA,DL,N945DL,2135,654,649,930,921,703,913,0,0,0,0,0,False,False,Z
1948582,2012-07-02,LGA,DFW,AA,N3AYAA,707,655,654,930,927,717,921,0,0,0,0,0,False,False,Z
1948583,2012-07-02,LGA,ORD,AA,N4YGAA,305,700,658,835,822,719,809,0,0,0,0,0,False,False,Z
1948584,2012-07-02,DFW,LGA,AA,N488AA,704,700,655,1130,1058,704,1055,0,0,0,0,0,False,False,Z
1948585,2012-07-02,LGA,MIA,AA,N3HLAA,1713,700,653,1005,938,708,929,0,0,0,0,0,False,False,Z
1948586,2012-07-02,FLL,LGA,DL,N925DL,1498,700,657,959,940,713,934,0,0,0,0,0,False,False,Z
1948587,2012-07-02,LGA,ATL,DL,N682DA,1547,700,656,925,918,724,908,0,0,0,0,0,False,False,Z
1948588,2012-07-02,DEN,LGA,F9,N204FR,506,700,656,1240,1238,710,1227,0,0,0,0,0,False,False,Z
1948589,2012-07-02,LGA,DEN,F9,N910FR,513,700,650,918,854,703,843,0,0,0,0,0,False,False,Z
1948590,2012-07-02,IAD,LGA,YV,N502MJ,3791,700,700,820,758,716,755,0,0,0,0,0,False,False,Z
1948591,2012-07-02,LGA,ORD,UA,N438UA,302,700,657,832,824,715,804,0,0,0,0,0,False,False,Z
1948592,2012-07-02,LGA,BOS,US,N950UW,2116,700,700,807,808,722,758,0,0,0,0,0,False,False,Z
1948593,2012-07-02,BOS,LGA,US,N957UW,2117,700,656,822,804,709,757,0,0,0,0,0,False,False,Z
1948594,2012-07-02,DCA,LGA,US,N715UW,2160,700,655,819,757,715,751,0,0,0,0,0,False,False,Z
1948595,2012-07-02,LGA,DCA,US,N741UW,2163,700,654,809,757,714,754,0,0,0,0,0,False,False,Z
1948596,2012-07-02,LGA,DEN,UA,N464UA,763,700,659,921,856,716,848,0,0,0,0,0,False,False,Z
1948597,2012-07-02,LGA,XNA,MQ,N719MQ,4534,705,653,915,904,721,902,0,0,0,0,0,False,False,Z
1948598,2012-07-02,MSP,LGA,DL,N917DE,1996,715,708,1058,1037,723,1030,0,0,0,0,0,False,False,Z
1948599,2012-07-02,FLL,LGA,B6,N633JB,374,720,717,1008,959,733,955,0,0,0,0,0,False,False,Z
1948600,2012-07-02,LGA,MEM,DL,N316US,1673,720,717,901,854,739,849,0,0,0,0,0,False,False,Z
1948601,2012-07-02,DTW,LGA,DL,N992DL,1848,720,719,907,900,743,852,0,0,0,0,0,False,False,Z
1948602,2012-07-02,LGA,DTW,DL,N332NB,831,720,717,916,915,748,910,0,0,0,0,0,False,False,Z
1948603,2012-07-02,ATL,LGA,FL,N979AT,626,725,726,933,921,737,916,0,0,0,0,0,False,False,Z
1948604,2012-07-02,LGA,ATL,FL,N894AT,154,725,722,940,933,741,925,0,0,0,0,0,False,False,Z
1948605,2012-07-02,BNA,LGA,MQ,N713MQ,4476,725,722,1035,1028,737,1022,0,0,0,0,0,False,False,Z
1948606,2012-07-02,LGA,RSW,B6,N629JB,1601,729,727,1030,1028,754,1024,0,0,0,0,0,False,False,Z
1948607,2012-07-02,DFW,LGA,AA,N3HEAA,708,730,720,1155,1126,729,1122,0,0,0,0,0,False,False,Z
1948608,2012-07-02,MSY,LGA,DL,N364NB,558,730,730,1136,1120,744,1110,0,0,0,0,0,False,False,Z
1948609,2012-07-02,LGA,PBI,DL,N962DL,2395,730,723,1025,1019,759,1013,0,0,0,0,0,False,False,Z
1948610,2012-07-02,LGA,BWI,WN,N428WN,3847,730,730,835,857,800,841,0,0,22,0,0,False,False,Z
1948611,2012-07-02,LGA,IAH,UA,N581UA,433,730,730,1005,1006,752,958,0,0,0,0,0,False,False,Z
1948612,2012-07-02,IAH,LGA,UA,N76502,1280,733,727,1214,1150,742,1146,0,0,0,0,0,False,False,Z
1948613,2012-07-02,MIA,LGA,AA,N5CRAA,1256,735,741,1025,1035,801,1032,0,0,0,0,0,False,False,Z
1948614,2012-07-02,ATL,LGA,DL,N926DL,110,735,734,959,942,750,936,0,0,0,0,0,False,False,Z
1948615,2012-07-02,LGA,MSY,DL,N347NB,879,735,730,946,941,756,934,0,0,0,0,0,False,False,Z
1948616,2012-07-02,LGA,DFW,AA,N559AA,709,745,740,1025,1007,802,1002,0,0,0,0,0,False,False,Z
1948617,2012-07-02,CLE,LGA,MQ,N544MQ,4664,745,745,915,902,753,854,0,0,0,0,0,False,False,Z
1948618,2012-07-02,LGA,ORD,AA,N491AA,309,750,749,925,911,804,855,0,0,0,0,0,False,False,Z
1948619,2012-07-02,LGA,MCO,B6,N655JB,389,750,746,1032,1019,806,1008,0,0,0,0,0,False,False,Z
1948620,2012-07-02,LGA,MIA,AA,N3AWAA,1938,755,808,1100,1106,827,1050,0,0,0,0,0,False,False,Z
1948621,2012-07-02,MKE,LGA,FL,N925AT,233,759,755,1100,1046,805,1042,0,0,0,0,0,False,False,Z
1948622,2012-07-02,PBI,LGA,DL,N903DE,2358,800,755,1056,1032,807,1026,0,0,0,0,0,False,False,Z
1948623,2012-07-02,RSW,LGA,DL,N958DL,834,800,753,1055,1058,810,1035,0,0,0,0,0,False,False,Z
1948624,2012-07-02,LGA,ORD,UA,N446UA,381,800,759,932,910,813,905,0,0,0,0,0,False,False,Z
1948625,2012-07-02,CLT,LGA,US,N183UW,1620,800,818,951,956,835,950,0,0,0,0,0,False,False,Z
1948626,2012-07-02,LGA,CLT,US,N178US,1733,800,801,1006,955,828,949,0,0,0,0,0,False,False,Z
1948627,2012-07-02,LGA,BOS,US,N949UW,2118,800,756,909,852,811,844,0,0,0,0,0,False,False,Z
1948628,2012-07-02,BOS,LGA,US,N763US,2119,800,755,917,902,806,855,0,0,0,0,0,False,False,Z
1948629,2012-07-02,DCA,LGA,US,N748UW,2162,800,753,916,907,822,902,0,0,0,0,0,False,False,Z
1948630,2012-07-02,LGA,DCA,US,N733UW,2165,800,757,913,902,813,859,0,0,0,0,0,False,False,Z
1948631,2012-07-02,RDU,LGA,MQ,N722MQ,4519,805,826,945,947,835,943,0,0,0,0,0,False,False,Z
1948632,2012-07-02,MCO,LGA,DL,N312US,1526,810,806,1050,1031,818,1024,0,0,0,0,0,False,False,Z
1948633,2012-07-02,LGA,MSP,DL,N345NW,2119,810,815,1015,1008,839,1002,0,0,0,0,0,False,False,Z
1948634,2012-07-02,CLE,LGA,UA,N77261,1245,813,859,948,1014,907,1010,26,0,0,0,0,False,False,Z
1948635,2012-07-02,LGA,RSW,DL,N977DL,2123,815,808,1132,1107,826,1101,0,0,0,0,0,False,False,Z
1948636,2012-07-02,LGA,CMH,MQ,N518MQ,4608,815,815,1010,1024,908,1021,0,0,0,0,0,False,False,Z
1948637,2012-07-02,IAD,LGA,EV,N820AS,5736,817,814,937,917,825,907,0,0,0,0,0,False,False,Z
1948638,2012-07-02,LGA,DEN,UA,N529UA,459,817,818,1035,1022,836,1009,0,0,0,0,0,False,False,Z
1948639,2012-07-02,LGA,RDU,MQ,N728MQ,4401,820,810,1000,1011,852,1006,0,0,0,0,0,False,False,Z
1948640,2012-07-02,ORD,LGA,AA,N584AA,386,825,827,1135,1119,839,1112,0,0,0,0,0,False,False,Z
1948641,2012-07-02,LGA,DEN,FL,N287AT,1875,825,817,1043,1016,831,1012,0,0,0,0,0,False,False,Z
1948642,2012-07-02,LGA,DTW,MQ,N722MQ,4478,825,1016,1030,1206,1034,1155,94,0,0,0,2,False,False,Z
1948643,2012-07-02,DFW,LGA,AA,N3BNAA,710,830,823,1255,1235,836,1230,0,0,0,0,0,False,False,Z
1948644,2012-07-02,LGA,STL,AA,N4WNAA,1855,830,822,1015,946,838,942,0,0,0,0,0,False,False,Z
1948645,2012-07-02,LGA,CLE,MQ,N739MQ,4558,830,822,1015,955,843,950,0,0,0,0,0,False,False,Z
1948646,2012-07-02,DEN,LGA,UA,N577UA,358,834,835,1411,1409,844,1359,0,0,0,0,0,False,False,Z
1948647,2012-07-02,LGA,DFW,AA,N3GUAA,713,835,833,1125,1057,847,1052,0,0,0,0,0,False,False,Z
1948648,2012-07-02,ATL,LGA,DL,N942DL,1686,835,830,1104,1101,852,1039,0,0,0,0,0,False,False,Z
1948649,2012-07-02,DTW,LGA,MQ,N723MQ,4563,835,826,1025,955,843,953,0,0,0,0,0,False,False,Z
1948650,2012-07-02,LGA,ATL,MQ,N524MQ,4610,840,841,1105,1053,906,1049,0,0,0,0,0,False,False,Z
1948651,2012-07-02,DTW,LGA,DL,N936DL,1748,844,849,1030,1048,908,1019,0,0,18,0,0,False,False,Z
1948652,2012-07-02,LGA,JAX,DL,N339NB,707,845,945,1120,1208,1018,1205,48,0,0,0,0,False,False,Z
1948653,2012-07-02,LGA,DEN,F9,N203FR,835,845,838,1108,1057,903,1046,0,0,0,0,0,False,False,Z
1948654,2012-07-02,ATL,LGA,FL,N937AT,1071,845,845,1048,1057,906,1053,0,0,0,0,0,False,False,Z
1948655,2012-07-02,LGA,CLT,US,N708UW,1429,851,845,1057,1046,912,1041,0,0,0,0,0,False,False,Z
1948656,2012-07-02,ATL,LGA,MQ,N532MQ,4651,855,946,1125,1206,1021,1201,41,0,0,0,0,False,False,Z
1948657,2012-07-02,IAH,LGA,UA,N36272,1744,858,853,1344,1307,904,1303,0,0,0,0,0,False,False,Z
1948658,2012-07-02,LGA,DTW,DL,N3734B,159,900,854,1117,1046,923,1042,0,0,0,0,0,False,False,Z
1948659,2012-07-02,LGA,MCO,DL,N350NA,1153,900,903,1202,1145,932,1138,0,0,0,0,0,False,False,Z
1948660,2012-07-02,LGA,ATL,DL,N6709,1747,900,904,1130,1124,934,1114,0,0,0,0,0,False,False,Z
1948661,2012-07-02,LGA,IAD,YV,N502MJ,3791,900,907,1028,1019,931,1015,0,0,0,0,0,False,False,Z
1948662,2012-07-02,LGA,ORD,UA,N440UA,275,900,857,1042,1022,919,1010,0,0,0,0,0,False,False,Z
1948663,2012-07-02,LGA,BOS,US,,2120,900,9999,1023,9999,9999,9999,9999,9999,9999,9999,9999,True,False,A
1948664,2012-07-02,BOS,LGA,US,N950UW,2121,900,854,1018,1006,909,1001,0,0,0,0,0,False,False,Z
1948665,2012-07-02,DCA,LGA,US,N741UW,2164,900,855,1019,1005,919,959,0,0,0,0,0,False,False,Z
1948666,2012-07-02,LGA,DCA,US,N715UW,2167,900,856,1025,959,915,954,0,0,0,0,0,False,False,Z
1948667,2012-07-02,CLT,LGA,MQ,N514MQ,4578,905,902,1050,1032,915,1028,0,0,0,0,0,False,False,Z
1948668,2012-07-02,LGA,ORD,AA,N201AA,313,910,903,1050,1036,925,1018,0,0,0,0,0,False,False,Z
1948669,2012-07-02,ATL,LGA,FL,N899AT,150,910,908,1129,1140,925,1108,0,0,0,0,0,False,False,Z
1948670,2012-07-02,LGA,CLT,MQ,N506MQ,4582,910,909,1110,1056,928,1048,0,0,0,0,0,False,False,Z
1948671,2012-07-02,MSP,LGA,MQ,N543MQ,4586,910,1749,1250,2134,1801,2106,519,0,5,0,0,False,False,Z
1948672,2012-07-02,ORD,LGA,AA,N4YGAA,382,925,921,1235,1213,935,1211,0,0,0,0,0,False,False,Z
1948673,2012-07-02,LGA,DFW,AA,N4XMAA,721,925,922,1220,1155,942,1151,0,0,0,0,0,False,False,Z
1948674,2012-07-02,BWI,LGA,WN,N962WN,2584,925,924,1030,1014,933,1009,0,0,0,0,0,False,False,Z
1948675,2012-07-02,LGA,PBI,B6,N537JB,361,930,919,1225,1157,941,1155,0,0,0,0,0,False,False,Z
1948676,2012-07-02,LGA,MDW,WN,N214WN,2962,930,929,1105,1040,947,1034,0,0,0,0,0,False,False,Z
1948677,2012-07-02,CMH,LGA,MQ,N736MQ,4535,930,927,1115,1111,940,1054,0,0,0,0,0,False,False,Z
1948678,2012-07-02,DFW,LGA,AA,N583AA,712,935,932,1405,1345,945,1341,0,0,0,0,0,False,False,Z
1948679,2012-07-02,ATL,LGA,DL,N688DL,1786,935,930,1201,1156,952,1133,0,0,0,0,0,False,False,Z
1948680,2012-07-02,LGA,FLL,B6,N587JB,375,940,934,1243,1222,956,1218,0,0,0,0,0,False,False,Z
1948681,2012-07-02,LGA,DEN,UA,N54711,1126,940,946,1201,1155,959,1145,0,0,0,0,0,False,False,Z
1948682,2012-07-02,LGA,MIA,AA,N3HYAA,1813,945,936,1300,1300,952,1211,0,0,0,0,0,False,False,Z
1948683,2012-07-02,FLL,LGA,B6,N566JB,372,945,935,1235,1235,954,1217,0,0,0,0,0,False,False,Z
1948684,2012-07-02,XNA,LGA,MQ,N719MQ,4573,945,938,1355,1339,955,1327,0,0,0,0,0,False,False,Z
1948685,2012-07-02,MIA,LGA,AA,N3BUAA,1124,950,947,1245,1239,1003,1235,0,0,0,0,0,False,False,Z
1948686,2012-07-02,LGA,ATL,MQ,N521MQ,4654,950,950,1205,1154,1002,1149,0,0,0,0,0,False,False,Z
1948687,2012-07-02,LGA,BNA,MQ,N519MQ,4670,955,950,1115,1057,1005,1052,0,0,0,0,0,False,False,Z
1948688,2012-07-02,LGA,ATL,FL,N947AT,1354,959,953,1217,1200,1006,1150,0,0,0,0,0,False,False,Z
1948689,2012-07-02,LGA,ATL,DL,N697DL,1847,1000,955,1229,1336,1147,1330,0,0,67,0,0,False,False,Z
1948690,2012-07-02,MCO,LGA,DL,N3731T,2076,1000,952,1240,1223,1004,1208,0,0,0,0,0,False,False,Z
1948691,2012-07-02,MSP,LGA,DL,N315US,2096,1000,1011,1345,1343,1029,1338,0,0,0,0,0,False,False,Z
1948692,2012-07-02,TPA,LGA,DL,N953DL,2280,1000,956,1244,1227,1008,1219,0,0,0,0,0,False,False,Z
1948693,2012-07-02,LGA,FLL,DL,N974DL,2379,1000,957,1315,1247,1023,1242,0,0,0,0,0,False,False,Z
1948694,2012-07-02,LGA,CLT,US,N763US,1619,1000,954,1202,1133,1014,1128,0,0,0,0,0,False,False,Z
1948695,2012-07-02,CLT,LGA,US,N174US,1910,1000,1000,1154,1147,1022,1144,0,0,0,0,0,False,False,Z
1948696,2012-07-02,LGA,BOS,US,N957UW,2122,1000,956,1116,1052,1014,1047,0,0,0,0,0,False,False,Z
1948697,2012-07-02,BOS,LGA,US,N949UW,2123,1000,953,1124,1103,1011,1059,0,0,0,0,0,False,False,Z
1948698,2012-07-02,DCA,LGA,US,N733UW,2166,1000,955,1124,1053,1008,1046,0,0,0,0,0,False,False,Z
1948699,2012-07-02,LGA,DCA,US,N748UW,2169,1000,951,1120,1117,1020,1114,0,0,0,0,0,False,False,Z
1948700,2012-07-02,LGA,ORD,UA,N419UA,673,1000,956,1143,1121,1017,1105,0,0,0,0,0,False,False,Z
1948701,2012-07-02,LGA,IAD,EV,N820AS,5736,1003,959,1131,1109,1013,1100,0,0,0,0,0,False,False,Z
1948702,2012-07-02,DTW,LGA,DL,N332NB,2048,1005,959,1148,1135,1015,1124,0,0,0,0,0,False,False,Z
1948703,2012-07-02,BNA,LGA,MQ,N522MQ,4656,1005,1000,1315,1254,1011,1251,0,0,0,0,0,False,False,Z
1948704,2012-07-02,MEM,LGA,DL,N327NB,1260,1010,1006,1349,1328,1020,1321,0,0,0,0,0,False,False,Z
1948705,2012-07-02,LGA,MSP,DL,N992DL,2319,1010,1003,1225,1155,1021,1145,0,0,0,0,0,False,False,Z
1948706,2012-07-02,ATL,LGA,FL,N353AT,1158,1010,1011,1226,1218,1031,1214,0,0,0,0,0,False,False,Z
1948707,2012-07-02,ORD,LGA,AA,N491AA,380,1015,1010,1325,1300,1023,1257,0,0,0,0,0,False,False,Z
1948708,2012-07-02,LGA,DFW,AA,N3CMAA,731,1015,1104,1305,1321,1119,1317,16,0,0,0,0,False,False,Z
1948709,2012-07-02,TPA,LGA,B6,N621JB,984,1015,1010,1248,1234,1019,1228,0,0,0,0,0,False,False,Z
1948710,2012-07-02,LGA,MKE,FL,N979AT,715,1019,1008,1136,1113,1024,1110,0,0,0,0,0,False,False,Z
1948711,2012-07-02,MDW,LGA,WN,N749SW,1692,1020,1018,1320,1313,1026,1300,0,0,0,0,0,False,False,Z
1948712,2012-07-02,LGA,DTW,MQ,N530MQ,4614,1025,1022,1230,1201,1037,1153,0,0,0,0,0,False,False,Z
1948713,2012-07-02,FLL,LGA,DL,N968DL,1698,1029,1024,1328,1309,1037,1301,0,0,0,0,0,False,False,Z
1948714,2012-07-02,MIA,LGA,DL,N930DL,2003,1030,1053,1344,1352,1115,1342,0,0,0,0,0,False,False,Z
1948715,2012-07-02,RDU,LGA,MQ,N728MQ,4402,1030,1111,1205,1242,1128,1236,27,0,0,0,10,False,False,Z
1948716,2012-07-02,DEN,LGA,UA,N540UA,310,1032,1035,1609,1558,1044,1554,0,0,0,0,0,False,False,Z
1948717,2012-07-02,DFW,LGA,AA,N3FHAA,720,1035,1047,1500,1459,1059,1456,0,0,0,0,0,False,False,Z
1948718,2012-07-02,ATL,LGA,DL,N6702,1886,1035,1029,1258,1238,1047,1231,0,0,0,0,0,False,False,Z
1948719,2012-07-02,IAH,LGA,UA,N14628,1573,1036,1046,1528,1523,1110,1520,0,0,0,0,0,False,False,Z
1948720,2012-07-02,LGA,IAH,UA,N77261,1028,1038,1121,1324,1405,1136,1355,21,0,0,0,20,False,False,Z
1948721,2012-07-02,LGA,ORD,AA,N4WVAA,321,1045,1036,1225,1144,1048,1136,0,0,0,0,0,False,False,Z
1948722,2012-07-02,DEN,LGA,F9,N211FR,510,1045,1043,1625,1628,1057,1613,0,0,0,0,0,False,False,Z
1948723,2012-07-02,CMH,LGA,MQ,N518MQ,4609,1045,1103,1225,1226,1113,1222,0,0,0,0,0,False,False,Z
1948724,2012-07-02,CLE,LGA,MQ,N739MQ,4510,1045,1035,1229,1153,1048,1148,0,0,0,0,0,False,False,Z
1948725,2012-07-02,LGA,FLL,B6,N633JB,373,1055,1052,1359,1333,1111,1330,0,0,0,0,0,False,False,Z
1948726,2012-07-02,MIA,LGA,AA,N3GYAA,2088,1100,1109,1359,1356,1125,1353,0,0,0,0,0,False,False,Z
1948727,2012-07-02,LGA,DTW,DL,N925DL,1031,1100,1053,1308,1244,1115,1231,0,0,0,0,0,False,False,Z
1948728,2012-07-02,LGA,ATL,DL,N603DL,1647,1100,1057,1325,1327,1141,1321,0,0,0,0,0,False,False,Z
1948729,2012-07-02,LGA,BWI,WN,N962WN,500,1100,1058,1220,1202,1115,1155,0,0,0,0,0,False,False,Z
1948730,2012-07-02,LGA,BOS,US,N950UW,2124,1100,1052,1217,1149,1107,1141,0,0,0,0,0,False,False,Z
1948731,2012-07-02,BOS,LGA,US,,2125,1100,9999,1212,9999,9999,9999,9999,9999,9999,9999,9999,True,False,A
1948732,2012-07-02,DCA,LGA,US,N715UW,2168,1100,1053,1212,1149,1109,1145,0,0,0,0,0,False,False,Z
1948733,2012-07-02,LGA,DCA,US,N741UW,2171,1100,1053,1217,1148,1109,1146,0,0,0,0,0,False,False,Z
1948734,2012-07-02,STL,LGA,AA,N4WNAA,1030,1105,1057,1435,1426,1117,1420,0,0,0,0,0,False,False,Z
1948735,2012-07-02,LGA,MIA,DL,N954DL,907,1105,1100,1423,1350,1123,1344,0,0,0,0,0,False,False,Z
1948736,2012-07-02,DTW,LGA,MQ,N722MQ,4477,1105,1226,1255,1408,1250,1404,0,0,0,0,73,False,False,Z
1948737,2012-07-02,PBI,LGA,DL,N962DL,1598,1107,1100,1400,1341,1114,1331,0,0,0,0,0,False,False,Z
1948738,2012-07-02,CAK,LGA,FL,N972AT,1346,1109,1059,1230,1224,1105,1203,0,0,0,0,0,False,False,Z
1948739,2012-07-02,LGA,RDU,MQ,N723MQ,4471,1110,1106,1245,1234,1127,1231,0,0,0,0,0,False,False,Z
1948740,2012-07-02,LGA,DFW,AA,N3ETAA,739,1115,1112,1400,1344,1129,1330,0,0,0,0,0,False,False,Z
1948741,2012-07-02,MSP,LGA,DL,N345NW,1796,1115,1111,1500,1436,1125,1430,0,0,0,0,0,False,False,Z
1948742,2012-07-02,ATL,LGA,FL,N953AT,270,1115,1112,1331,1328,1126,1308,0,0,0,0,0,False,False,Z
1948743,2012-07-02,LGA,CMH,MQ,N713MQ,4542,1115,1124,1310,1256,1138,1251,0,0,0,0,0,False,False,Z
1948744,2012-07-02,DFW,LGA,AA,N559AA,728,1120,1119,1550,1537,1134,1531,0,0,0,0,0,False,False,Z
1948745,2012-07-02,LGA,MIA,AA,N5CRAA,2093,1120,1132,1430,1416,1149,1409,0,0,0,0,0,False,False,Z
1948746,2012-07-02,LGA,TPA,DL,N936DL,2245,1125,1132,1421,1416,1155,1411,0,0,0,0,0,False,False,Z
1948747,2012-07-02,DEN,LGA,FL,N287AT,670,1125,1118,1700,1650,1129,1644,0,0,0,0,0,False,False,Z
1948748,2012-07-02,MCO,LGA,B6,N570JB,390,1126,1126,1400,1404,1148,1356,0,0,0,0,0,False,False,Z
1948749,2012-07-02,LGA,ATL,FL,N937AT,1160,1128,1134,1345,1354,1153,1342,0,0,0,0,0,False,False,Z
1948750,2012-07-02,LGA,CLT,US,N183UW,1625,1130,1124,1327,1318,1142,1302,0,0,0,0,0,False,False,Z
1948751,2012-07-02,ORD,LGA,AA,N528AA,374,1135,1133,1445,1426,1149,1423,0,0,0,0,0,False,False,Z
1948752,2012-07-02,ATL,LGA,DL,N6703D,1986,1135,1131,1356,1350,1145,1328,0,0,0,0,0,False,False,Z
1948753,2012-07-02,LGA,MSP,DL,N312US,2219,1135,1127,1342,1324,1157,1321,0,0,0,0,0,False,False,Z
1948754,2012-07-02,IAH,LGA,UA,N533UA,745,1138,1204,1623,1636,1233,1631,0,0,0,0,0,False,False,Z
1948755,2012-07-02,LGA,PBI,DL,N958DL,1174,1140,1140,1440,1423,1202,1417,0,0,0,0,0,False,False,Z
1948756,2012-07-02,LGA,MSP,MQ,N0EGMQ,4591,1140,1140,1340,1331,1159,1326,0,0,0,0,0,False,False,Z
1948757,2012-07-02,CLT,LGA,US,N171US,938,1140,1137,1338,1323,1159,1316,0,0,0,0,0,False,False,Z
1948758,2012-07-02,LGA,FLL,DL,N903DE,930,1145,1138,1453,1426,1200,1419,0,0,0,0,0,False,False,Z
1948759,2012-07-02,LGA,CAK,FL,N925AT,732,1145,1139,1315,1305,1158,1300,0,0,0,0,0,False,False,Z
1948760,2012-07-02,ATL,LGA,MQ,N524MQ,4668,1145,1136,1405,1340,1152,1335,0,0,0,0,0,False,False,Z
1948761,2012-07-02,CLT,LGA,MQ,N506MQ,4583,1150,1143,1355,1339,1216,1332,0,0,0,0,0,False,False,Z
1948762,2012-07-02,BNA,LGA,MQ,N519MQ,4653,1150,1142,1505,1446,1159,1442,0,0,0,0,0,False,False,Z
1948763,2012-07-02,LGA,BNA,MQ,N514MQ,4601,1150,1145,1310,1303,1215,1259,0,0,0,0,0,False,False,Z
1948764,2012-07-02,RSW,LGA,B6,N629JB,1602,1155,1152,1444,1429,1200,1422,0,0,0,0,0,False,False,Z
1948765,2012-07-02,LGA,MCO,DL,N917DE,1785,1155,1150,1446,1426,1212,1418,0,0,0,0,0,False,False,Z
1948766,2012-07-02,JAX,LGA,DL,N339NB,1312,1200,1242,1425,1455,1256,1445,0,0,0,0,30,False,False,Z
1948767,2012-07-02,LGA,ATL,DL,N942DL,1947,1200,1211,1431,1430,1236,1423,0,0,0,0,0,False,False,Z
1948768,2012-07-02,MKE,LGA,FL,N927AT,1707,1200,1154,1501,1447,1204,1444,0,0,0,0,0,False,False,Z
1948769,2012-07-02,LGA,CLE,MQ,N736MQ,4553,1200,1154,1345,1329,1216,1325,0,0,0,0,0,False,False,Z
1948770,2012-07-02,LGA,BOS,US,N949UW,2126,1200,1153,1313,1255,1213,1246,0,0,0,0,0,False,False,Z
1948771,2012-07-02,BOS,LGA,US,N957UW,2127,1200,1152,1314,1249,1203,1246,0,0,0,0,0,False,False,Z
1948772,2012-07-02,DCA,LGA,US,N748UW,2170,1200,1154,1313,1252,1210,1248,0,0,0,0,0,False,False,Z
1948773,2012-07-02,LGA,DCA,US,N733UW,2173,1200,1154,1314,1308,1220,1301,0,0,0,0,0,False,False,Z
1948774,2012-07-02,ORD,LGA,UA,N475UA,680,1200,1218,1508,1504,1231,1501,0,0,0,0,0,False,False,Z
1948775,2012-07-02,LGA,ATL,MQ,N532MQ,4658,1205,1240,1425,1445,1257,1440,0,0,0,0,20,False,False,Z
1948776,2012-07-02,LGA,RDU,MQ,N733MQ,4431,1210,1344,1350,1515,1401,1510,85,0,0,0,0,False,False,Z
1948777,2012-07-02,LGA,DFW,AA,N488AA,743,1215,1211,1505,1437,1231,1431,0,0,0,0,0,False,False,Z
1948778,2012-07-02,LGA,ATL,FL,N899AT,1695,1219,1218,1438,1423,1233,1416,0,0,0,0,0,False,False,Z
1948779,2012-07-02,LGA,ORD,AA,N584AA,329,1220,1215,1400,1343,1238,1330,0,0,0,0,0,False,False,Z
1948780,2012-07-02,ORD,LGA,AA,N4WAAA,370,1220,1220,1530,1526,1237,1514,0,0,0,0,0,False,False,Z
1948781,2012-07-02,DFW,LGA,AA,N3GUAA,730,1220,1216,1645,1632,1224,1624,0,0,0,0,0,False,False,Z
1948782,2012-07-02,MIA,LGA,AA,N3HRAA,2096,1230,1226,1530,1506,1237,1503,0,0,0,0,0,False,False,Z
1948783,2012-07-02,IAD,LGA,YV,N514MJ,3755,1232,1230,1352,1328,1242,1323,0,0,0,0,0,False,False,Z
1948784,2012-07-02,ATL,LGA,FL,N952AT,376,1235,1233,1445,1432,1244,1427,0,0,0,0,0,False,False,Z
1948785,2012-07-02,LGA,DTW,DL,N368NB,181,1240,1233,1443,1413,1252,1409,0,0,0,0,0,False,False,Z
1948786,2012-07-02,RSW,LGA,DL,N977DL,2070,1240,1236,1534,1514,1247,1509,0,0,0,0,0,False,False,Z
1948787,2012-07-02,MCO,LGA,DL,N350NA,508,1242,1242,1529,1511,1251,1457,0,0,0,0,0,False,False,Z
1948788,2012-07-02,LGA,DFW,AA,N3HEAA,745,1245,1239,1535,1507,1249,1500,0,0,0,0,0,False,False,Z
1948789,2012-07-02,ATL,LGA,DL,N641DL,2086,1245,1243,1509,1449,1258,1439,0,0,0,0,0,False,False,Z
1948790,2012-07-02,LGA,MEM,DL,N364NB,1573,1250,1244,1441,1415,1259,1410,0,0,0,0,0,False,False,Z
1948791,2012-07-02,FLL,LGA,B6,N608JB,376,1252,1250,1548,1601,1332,1552,0,0,0,0,0,False,False,Z
1948792,2012-07-02,LGA,CMH,MQ,N728MQ,4426,1255,1315,1440,1456,1336,1451,2,0,0,0,14,False,False,Z
1948793,2012-07-02,LGA,ATL,DL,N688DL,781,1259,1253,1531,1506,1318,1458,0,0,0,0,0,False,False,Z
1948794,2012-07-02,LGA,BOS,US,N945UW,2128,1300,1253,1412,1347,1306,1341,0,0,0,0,0,False,False,Z
1948795,2012-07-02,BOS,LGA,US,N950UW,2129,1300,1252,1421,1410,1314,1402,0,0,0,0,0,False,False,Z
1948796,2012-07-02,DCA,LGA,US,N741UW,2172,1300,1309,1427,1412,1327,1407,0,0,0,0,0,False,False,Z
1948797,2012-07-02,LGA,DCA,US,N715UW,2175,1300,1255,1411,1351,1308,1347,0,0,0,0,0,False,False,Z
1948798,2012-07-02,LGA,CLT,US,N174US,1459,1300,1256,1502,1442,1315,1437,0,0,0,0,0,False,False,Z
1948799,2012-07-02,ATL,LGA,MQ,N521MQ,4629,1305,1301,1530,1505,1316,1500,0,0,0,0,0,False,False,Z
1948800,2012-07-02,LGA,DTW,MQ,N739MQ,4564,1305,1258,1510,1459,1314,1435,0,0,0,0,0,False,False,Z
1948801,2012-07-02,ORD,LGA,UA,N417UA,682,1305,1334,1613,1629,1346,1622,16,0,0,0,0,False,False,Z
1948802,2012-07-02,LGA,IAH,UA,N76502,1721,1307,1309,1553,1538,1326,1527,0,0,0,0,0,False,False,Z
1948803,2012-07-02,ORD,LGA,AA,N435AA,372,1310,1303,1625,1553,1314,1549,0,0,0,0,0,False,False,Z
1948804,2012-07-02,DFW,LGA,AA,N501AA,732,1315,1310,1750,1727,1321,1724,0,0,0,0,0,False,False,Z
1948805,2012-07-02,MSP,LGA,DL,N992DL,1496,1315,1312,1658,1652,1332,1641,0,0,0,0,0,False,False,Z
1948806,2012-07-02,RDU,LGA,MQ,N723MQ,4474,1315,1312,1500,1500,1323,1431,0,0,0,0,0,False,False,Z
1948807,2012-07-02,LGA,ORD,AA,N4YGAA,331,1320,1327,1500,1432,1338,1426,0,0,0,0,0,False,False,Z
1948808,2012-07-02,LGA,MKE,FL,N972AT,1435,1320,1320,1437,1424,1333,1420,0,0,0,0,0,False,False,Z
1948809,2012-07-02,LGA,DEN,F9,N204FR,509,1325,1325,1544,1536,1344,1521,0,0,0,0,0,False,False,Z
1948810,2012-07-02,LGA,DEN,FL,N353AT,1400,1325,1319,1540,1514,1334,1505,0,0,0,0,0,False,False,Z
1948811,2012-07-02,DTW,LGA,MQ,N530MQ,4615,1325,1321,1510,1500,1339,1447,0,0,0,0,0,False,False,Z
1948812,2012-07-02,LGA,RDU,MQ,N518MQ,4607,1325,1321,1505,1507,1354,1502,0,0,0,0,0,False,False,Z
1948813,2012-07-02,LGA,FLL,B6,N566JB,377,1329,1326,1634,1616,1351,1612,0,0,0,0,0,False,False,Z
1948814,2012-07-02,LGA,MCO,DL,N3731T,1685,1329,1327,1623,1608,1400,1602,0,0,0,0,0,False,False,Z
1948815,2012-07-02,LGA,FLL,DL,N953DL,2079,1329,1324,1637,1613,1348,1608,0,0,0,0,0,False,False,Z
1948816,2012-07-02,IAH,LGA,UA,N37281,1128,1330,1330,1814,1757,1347,1755,0,0,0,0,0,False,False,Z
1948817,2012-07-02,LGA,MIA,AA,N3BUAA,1621,1335,1338,1650,1627,1357,1621,0,0,0,0,0,False,False,Z
1948818,2012-07-02,ATL,LGA,DL,N680DA,420,1335,1333,1600,1550,1352,1534,0,0,0,0,0,False,False,Z
1948819,2012-07-02,LGA,DFW,AA,N3BNAA,751,1345,1340,1640,1607,1356,1601,0,0,0,0,0,False,False,Z
1948820,2012-07-02,CMH,LGA,MQ,N713MQ,4567,1345,1336,1530,1509,1352,1506,0,0,0,0,0,False,False,Z
1948821,2012-07-02,BNA,LGA,MQ,N514MQ,4602,1345,1339,1655,1639,1352,1633,0,0,0,0,0,False,False,Z
1948822,2012-07-02,PBI,LGA,B6,N746JB,362,1350,1338,1637,1619,1349,1609,0,0,0,0,0,False,False,Z
1948823,2012-07-02,LGA,MCO,B6,N621JB,393,1355,1354,1645,1656,1416,1650,0,0,0,0,0,False,False,Z
1948824,2012-07-02,DTW,LGA,DL,N925DL,180,1355,1349,1546,1526,1406,1518,0,0,0,0,0,False,False,Z
1948825,2012-07-02,FLL,LGA,DL,N974DL,1798,1355,1348,1658,1636,1406,1628,0,0,0,0,0,False,False,Z
1948826,2012-07-02,LGA,MDW,WN,N749SW,1781,1355,1354,1535,1501,1406,1454,0,0,0,0,0,False,False,Z
1948827,2012-07-02,LGA,CLE,MQ,N738MQ,4491,1355,1435,1540,1601,1450,1557,21,0,0,0,0,False,False,Z
1948828,2012-07-02,LGA,ATL,DL,N6702,2247,1359,1355,1631,1610,1418,1601,0,0,0,0,0,False,False,Z
1948829,2012-07-02,ORD,LGA,AA,N4YTAA,378,1400,1354,1725,1651,1408,1646,0,0,0,0,0,False,False,Z
1948830,2012-07-02,DFW,LGA,AA,N3GEAA,736,1400,1401,1835,1823,1416,1819,0,0,0,0,0,False,False,Z
1948831,2012-07-02,MIA,LGA,AA,N3GVAA,2234,1400,1359,1700,1653,1418,1648,0,0,0,0,0,False,False,Z
1948832,2012-07-02,LGA,CLT,MQ,N522MQ,4585,1400,1358,1600,1542,1417,1538,0,0,0,0,0,False,False,Z
1948833,2012-07-02,LGA,BOS,US,N957UW,2130,1400,1353,1513,1455,1416,1449,0,0,0,0,0,False,False,Z
1948834,2012-07-02,BOS,LGA,US,N954UW,2131,1400,1354,1520,1504,1405,1453,0,0,0,0,0,False,False,Z
1948835,2012-07-02,DCA,LGA,US,N746UW,2174,1400,1355,1527,1505,1416,1454,0,0,0,0,0,False,False,Z
1948836,2012-07-02,LGA,DCA,US,N748UW,2177,1400,1357,1515,1502,1421,1458,0,0,0,0,0,False,False,Z
1948837,2012-07-02,ORD,LGA,UA,N430UA,684,1400,1527,1708,1818,1540,1810,70,0,0,0,0,False,False,Z
1948838,2012-07-02,MCO,LGA,DL,N931DL,1876,1415,1421,1700,1651,1433,1642,0,0,0,0,0,False,False,Z
1948839,2012-07-02,LGA,MIA,DL,N968DL,2098,1415,1413,1735,1706,1437,1700,0,0,0,0,0,False,False,Z
1948840,2012-07-02,LGA,MSP,MQ,N524MQ,4588,1415,1422,1610,1604,1436,1554,0,0,0,0,0,False,False,Z
1948841,2012-07-02,LGA,ATL,FL,N953AT,1360,1419,1415,1639,1622,1427,1612,0,0,0,0,0,False,False,Z
1948842,2012-07-02,LGA,ORD,AA,N491AA,333,1420,1416,1605,1533,1428,1525,0,0,0,0,0,False,False,Z
1948843,2012-07-02,IAD,LGA,YV,N518LR,3764,1420,1420,1540,1515,1434,1511,0,0,0,0,0,False,False,Z
1948844,2012-07-02,RDU,LGA,MQ,N733MQ,4434,1420,1542,1600,1711,1600,1706,0,0,0,0,71,False,False,Z
1948845,2012-07-02,CLE,LGA,MQ,N736MQ,4554,1420,1413,1600,1549,1428,1529,0,0,0,0,0,False,False,Z
1948846,2012-07-02,MSP,LGA,MQ,N0EGMQ,4592,1425,1418,1800,1820,1430,1738,0,0,20,0,0,False,False,Z
1948847,2012-07-02,LGA,IAD,YV,N514MJ,3733,1429,1427,1557,1538,1443,1533,0,0,0,0,0,False,False,Z
1948848,2012-07-02,LGA,IAH,UA,N36272,1744,1429,1548,1715,1822,1602,1811,67,0,0,0,0,False,False,Z
1948849,2012-07-02,LGA,MSP,DL,N315US,1819,1430,1431,1637,1610,1448,1607,0,0,0,0,0,False,False,Z
1948850,2012-07-02,CLT,LGA,US,N173US,1182,1430,1429,1625,1608,1439,1556,0,0,0,0,0,False,False,Z
1948851,2012-07-02,DEN,LGA,UA,N13716,1241,1432,1456,2011,2028,1510,2024,0,0,0,0,17,False,False,Z
1948852,2012-07-02,ATL,LGA,DL,N658DL,802,1435,1435,1708,1644,1453,1638,0,0,0,0,0,False,False,Z
1948853,2012-07-02,LGA,ATL,MQ,N506MQ,4669,1435,1433,1700,1651,1445,1629,0,0,0,0,0,False,False,Z
1948854,2012-07-02,MDW,LGA,WN,N719SW,3590,1440,1456,1745,1743,1502,1735,0,0,0,0,0,False,False,Z
1948855,2012-07-02,LGA,CLT,US,N171US,1439,1440,1439,1646,1623,1457,1616,0,0,0,0,0,False,False,Z
1948856,2012-07-02,LGA,TPA,DL,N962DL,1935,1445,1438,1753,1715,1452,1710,0,0,0,0,0,False,False,Z
1948857,2012-07-02,LGA,MIA,AA,N3GYAA,825,1450,1514,1820,1751,1525,1747,0,0,0,0,0,False,False,Z
1948858,2012-07-02,LGA,SRQ,B6,N570JB,431,1450,1506,1744,1846,1622,1843,16,0,46,0,0,False,False,Z
1948859,2012-07-02,LGA,DFW,AA,N583AA,753,1450,1449,1755,1715,1501,1710,0,0,0,0,0,False,False,Z
1948860,2012-07-02,BWI,LGA,WN,N651SW,431,1450,1525,1555,1625,1532,1610,3,0,0,0,27,False,False,Z
1948861,2012-07-02,LGA,ATL,DL,N6703D,2347,1459,1454,1733,1711,1523,1704,0,0,0,0,0,False,False,Z
1948862,2012-07-02,STL,LGA,AA,N471AA,1104,1500,1459,1829,1829,1526,1821,0,0,0,0,0,False,False,Z
1948863,2012-07-02,LGA,CMH,MQ,N722MQ,4429,1500,1447,1655,1617,1502,1613,0,0,0,0,0,False,False,Z
1948864,2012-07-02,LGA,BOS,US,N950UW,2132,1500,1457,1618,1552,1510,1545,0,0,0,0,0,False,False,Z
1948865,2012-07-02,BOS,LGA,US,N945UW,2133,1500,1522,1614,1620,1531,1615,0,0,0,0,0,False,False,Z
1948866,2012-07-02,DCA,LGA,US,N715UW,2176,1500,1455,1620,1553,1508,1548,0,0,0,0,0,False,False,Z
1948867,2012-07-02,LGA,DCA,US,N741UW,2179,1500,1501,1622,1601,1519,1558,0,0,0,0,0,False,False,Z
1948868,2012-07-02,LGA,JAX,DL,N339NB,516,1505,1543,1740,1804,1601,1750,5,0,0,0,19,False,False,Z
1948869,2012-07-02,MIA,LGA,DL,N954DL,1531,1505,1501,1818,1802,1527,1753,0,0,0,0,0,False,False,Z
1948870,2012-07-02,ATL,LGA,MQ,N532MQ,4659,1505,1629,1740,1840,1653,1833,49,0,0,0,11,False,False,Z
1948871,2012-07-02,LGA,DEN,UA,N577UA,779,1506,1529,1729,1732,1545,1726,0,0,0,0,0,False,False,Z
1948872,2012-07-02,DFW,LGA,AA,N3ETAA,738,1510,1508,1950,1926,1520,1918,0,0,0,0,0,False,False,Z
1948873,2012-07-02,MSP,LGA,DL,N338NB,2196,1510,1508,1851,1828,1520,1823,0,0,0,0,0,False,False,Z
1948874,2012-07-02,DEN,LGA,F9,N209FR,516,1510,1532,2050,2126,1543,2116,16,0,20,0,0,False,False,Z
1948875,2012-07-02,CMH,LGA,MQ,N728MQ,4427,1510,1524,1700,1654,1533,1651,0,0,0,0,0,False,False,Z
1948876,2012-07-02,LGA,BUF,DL,N332NB,2087,1512,1502,1650,1622,1520,1608,0,0,0,0,0,False,False,Z
1948877,2012-07-02,MKE,LGA,FL,N972AT,1524,1517,1511,1818,1809,1519,1758,0,0,0,0,0,False,False,Z
1948878,2012-07-02,DTW,LGA,DL,N353NB,1948,1520,1515,1709,1650,1529,1645,0,0,0,0,0,False,False,Z
1948879,2012-07-02,ORD,LGA,AA,N4YEAA,358,1525,1522,1850,1812,1534,1809,0,0,0,0,0,False,False,Z
1948880,2012-07-02,LGA,CLT,MQ,N530MQ,4579,1525,1530,1730,1715,1547,1713,0,0,0,0,0,False,False,Z
1948881,2012-07-02,LGA,ATL,FL,N952AT,465,1529,1528,1749,1730,1540,1722,0,0,0,0,0,False,False,Z
1948882,2012-07-02,LGA,ORD,AA,N528AA,335,1530,1529,1720,1652,1549,1639,0,0,0,0,0,False,False,Z
1948883,2012-07-02,LGA,STL,AA,N4WNAA,2223,1530,1523,1720,1714,1557,1710,0,0,0,0,0,False,False,Z
1948884,2012-07-02,TPA,LGA,DL,N936DL,2104,1530,1525,1821,1751,1532,1743,0,0,0,0,0,False,False,Z
1948885,2012-07-02,IAH,LGA,UA,N26210,12,1531,1531,2021,2007,1551,2001,0,0,0,0,0,False,False,Z
1948886,2012-07-02,CAK,LGA,FL,N958AT,246,1532,1524,1653,1642,1534,1637,0,0,0,0,0,False,False,Z
1948887,2012-07-02,ATL,LGA,DL,N543US,486,1535,1531,1810,1748,1554,1736,0,0,0,0,0,False,False,Z
1948888,2012-07-02,RDU,LGA,MQ,N518MQ,4594,1540,1540,1720,1707,1558,1702,0,0,0,0,0,False,False,Z
1948889,2012-07-02,LGA,RDU,MQ,N723MQ,4447,1545,1539,1735,1714,1555,1702,0,0,0,0,0,False,False,Z
1948890,2012-07-02,DTW,LGA,MQ,N739MQ,4565,1545,1535,1745,1717,1555,1710,0,0,0,0,0,False,False,Z
1948891,2012-07-02,MIA,LGA,AA,N5CRAA,592,1550,1547,1900,1832,1601,1827,0,0,0,0,0,False,False,Z
1948892,2012-07-02,LGA,DFW,AA,N3FHAA,763,1550,1551,1850,1833,1608,1825,0,0,0,0,0,False,False,Z
1948893,2012-07-02,LGA,MCO,DL,N345NW,507,1550,1552,1853,1835,1624,1829,0,0,0,0,0,False,False,Z
1948894,2012-07-02,CLE,LGA,UA,N818UA,848,1554,1554,1730,1716,1610,1713,0,0,0,0,0,False,False,Z
1948895,2012-07-02,LGA,BNA,MQ,N521MQ,4622,1555,1553,1720,1714,1612,1710,0,0,0,0,0,False,False,Z
1948896,2012-07-02,LGA,ORD,UA,N475UA,687,1555,1601,1738,1730,1632,1723,0,0,0,0,0,False,False,Z
1948897,2012-07-02,DFW,LGA,AA,N554AA,740,1600,1600,2040,2016,1611,2009,0,0,0,0,0,False,False,Z
1948898,2012-07-02,CVG,LGA,DL,N907DL,316,1600,1554,1755,1735,1604,1728,0,0,0,0,0,False,False,Z
1948899,2012-07-02,MCO,LGA,DL,N917DE,1776,1600,1553,1844,1819,1605,1814,0,0,0,0,0,False,False,Z
1948900,2012-07-02,LGA,ATL,DL,N641DL,847,1600,1556,1840,1820,1628,1810,0,0,0,0,0,False,False,Z
1948901,2012-07-02,ATL,LGA,FL,N892AT,330,1600,1555,1812,1800,1607,1749,0,0,0,0,0,False,False,Z
1948902,2012-07-02,LGA,MKE,FL,N927AT,1796,1600,1602,1719,1734,1645,1730,2,0,13,0,0,False,False,Z
1948903,2012-07-02,LGA,XNA,MQ,N719MQ,4525,1600,1552,1825,1751,1605,1746,0,0,0,0,0,False,False,Z
1948904,2012-07-02,LGA,BOS,US,N954UW,2134,1600,1553,1723,1715,1634,1710,0,0,0,0,0,False,False,Z
1948905,2012-07-02,BOS,LGA,US,N957UW,2135,1600,1553,1714,1703,1606,1655,0,0,0,0,0,False,False,Z
1948906,2012-07-02,DCA,LGA,US,N748UW,2178,1600,1556,1717,1655,1607,1649,0,0,0,0,0,False,False,Z
1948907,2012-07-02,LGA,DCA,US,N746UW,2181,1600,1554,1722,1652,1611,1650,0,0,0,0,0,False,False,Z
1948908,2012-07-02,ORD,LGA,UA,N843UA,688,1600,1559,1916,1859,1625,1857,0,0,0,0,0,False,False,Z
1948909,2012-07-02,LGA,TPA,B6,N629JB,985,1610,1609,1902,1908,1634,1857,0,0,0,0,0,False,False,Z
1948910,2012-07-02,LGA,ATL,MQ,N512MQ,4661,1610,9999,1845,9999,9999,9999,9999,9999,9999,9999,9999,True,False,A
1948911,2012-07-02,CLT,LGA,US,N163US,1490,1610,1608,1810,1747,1621,1740,0,0,0,0,0,False,False,Z
1948912,2012-07-02,MCO,LGA,B6,N805JB,398,1613,1612,1859,1844,1627,1838,0,0,0,0,0,False,False,Z
1948913,2012-07-02,LGA,IAD,YV,N518LR,3786,1615,1606,1743,1711,1620,1703,0,0,0,0,0,False,False,Z
1948914,2012-07-02,CLE,LGA,MQ,N738MQ,4528,1615,1616,1800,1743,1629,1731,0,0,0,0,0,False,False,Z
1948915,2012-07-02,LGA,CLE,UA,N14628,1542,1615,1606,1812,1746,1636,1741,0,0,0,0,0,False,False,Z
1948916,2012-07-02,LGA,ORD,AA,N4WAAA,341,1620,1616,1810,1756,1642,1743,0,0,0,0,0,False,False,Z
1948917,2012-07-02,LGA,MIA,AA,N3HRAA,1559,1620,1619,1940,1915,1643,1906,0,0,0,0,0,False,False,Z
1948918,2012-07-02,FLL,LGA,DL,N903DE,930,1620,1610,1922,1912,1635,1902,0,0,0,0,0,False,False,Z
1948919,2012-07-02,LGA,PBI,B6,N608JB,369,1629,1652,1928,1930,1716,1928,0,0,0,0,0,False,False,Z
1948920,2012-07-02,DFW,LGA,AA,N3ELAA,742,1630,1712,2105,2132,1726,2126,27,0,0,0,0,False,False,Z
1948921,2012-07-02,LGA,CVG,DL,N925DL,995,1630,1623,1842,1827,1649,1821,0,0,0,0,0,False,False,Z
1948922,2012-07-02,LGA,BWI,WN,N651SW,1795,1630,1708,1750,1808,1730,1805,4,0,0,0,14,False,False,Z
1948923,2012-07-02,LGA,DTW,DL,N977DL,2231,1631,1628,1844,1826,1659,1820,0,0,0,0,0,False,False,Z
1948924,2012-07-02,IAH,LGA,UA,N16732,1531,1631,1713,2121,2140,1729,2128,10,0,0,0,9,False,False,Z
1948925,2012-07-02,ATL,LGA,DL,N933DL,2386,1635,1632,1910,1850,1657,1843,0,0,0,0,0,False,False,Z
1948926,2012-07-02,LGA,DTW,MQ,N842MQ,4540,1635,1627,1840,1826,1652,1814,0,0,0,0,0,False,False,Z
1948927,2012-07-02,CLT,LGA,MQ,N522MQ,4575,1640,1634,1850,1821,1700,1816,0,0,0,0,0,False,False,Z
1948928,2012-07-02,MEM,LGA,DL,N364NB,2260,1645,1730,2035,2057,1743,2050,22,0,0,0,0,False,False,Z
1948929,2012-07-02,MDW,LGA,WN,N214WN,349,1645,1643,1950,1937,1649,1925,0,0,0,0,0,False,False,Z
1948930,2012-07-02,LGA,RDU,MQ,N736MQ,4415,1650,1644,1835,1807,1657,1804,0,0,0,0,0,False,False,Z
1948931,2012-07-02,MSP,LGA,MQ,N524MQ,4589,1650,1644,2025,2016,1700,2006,0,0,0,0,0,False,False,Z
1948932,2012-07-02,DEN,LGA,UA,N571UA,406,1652,1707,2229,2238,1723,2228,0,0,0,0,0,False,False,Z
1948933,2012-07-02,LGA,DFW,AA,N559AA,773,1700,1655,2000,1928,1712,1923,0,0,0,0,0,False,False,Z
1948934,2012-07-02,LGA,ATL,DL,N680DA,101,1700,1657,1934,1906,1720,1901,0,0,0,0,0,False,False,Z
1948935,2012-07-02,CLE,LGA,EV,N13124,4163,1700,1719,1835,1837,1730,1832,0,0,0,0,0,False,False,Z
1948936,2012-07-02,LGA,CLE,MQ,N711MQ,4522,1700,1653,1850,1824,1714,1820,0,0,0,0,0,False,False,Z
1948937,2012-07-02,LGA,BOS,US,N945UW,2136,1700,1654,1819,1752,1708,1746,0,0,0,0,0,False,False,Z
1948938,2012-07-02,BOS,LGA,US,N950UW,2137,1700,1652,1821,1802,1704,1752,0,0,0,0,0,False,False,Z
1948939,2012-07-02,DCA,LGA,US,N741UW,2180,1700,1653,1825,1810,1707,1747,0,0,0,0,0,False,False,Z
1948940,2012-07-02,LGA,DCA,US,N715UW,2183,1700,1655,1822,1754,1711,1751,0,0,0,0,0,False,False,Z
1948941,2012-07-02,LGA,ORD,AA,N435AA,343,1710,1706,1900,1831,1725,1819,0,0,0,0,0,False,False,Z
1948942,2012-07-02,PBI,LGA,B6,N605JB,364,1710,1704,2000,1942,1718,1936,0,0,0,0,0,False,False,Z
1948943,2012-07-02,LGA,CLT,US,N173US,1107,1710,1708,1913,1848,1727,1844,0,0,0,0,0,False,False,Z
1948944,2012-07-02,LGA,IAH,UA,N540UA,594,1710,1717,2004,1956,1733,1947,0,0,0,0,0,False,False,Z
1948945,2012-07-02,IAD,LGA,EV,N13979,5956,1712,1706,1829,1805,1718,1800,0,0,0,0,0,False,False,Z
1948946,2012-07-02,MSY,LGA,DL,N318NB,1204,1719,1717,2130,2105,1725,2100,0,0,0,0,0,False,False,Z
1948947,2012-07-02,ORD,LGA,AA,N564AA,354,1720,1719,2045,2023,1730,2020,0,0,0,0,0,False,False,Z
1948948,2012-07-02,DEN,LGA,FL,N184AT,1336,1720,1745,2250,2329,1802,2319,0,0,14,0,25,False,False,Z
1948949,2012-07-02,CMH,LGA,MQ,N847MQ,4557,1725,1934,1925,2115,1947,2101,110,0,0,0,0,False,False,Z
1948950,2012-07-02,BUF,LGA,DL,N332NB,2282,1728,1726,1850,1848,1737,1840,0,0,0,0,0,False,False,Z
1948951,2012-07-02,LGA,DEN,F9,N211FR,797,1730,1729,1951,1955,1743,1927,0,0,0,0,0,False,False,Z
1948952,2012-07-02,FLL,LGA,B6,N566JB,378,1731,1723,2030,2005,1735,2000,0,0,0,0,0,False,False,Z
1948953,2012-07-02,DFW,LGA,AA,N3BNAA,744,1735,1731,2205,2149,1742,2143,0,0,0,0,0,False,False,Z
1948954,2012-07-02,ATL,LGA,DL,N690DL,786,1735,1754,2010,2002,1812,1954,0,0,0,0,0,False,False,Z
1948955,2012-07-02,ATL,LGA,MQ,N506MQ,4663,1740,1736,2020,1949,1755,1945,0,0,0,0,0,False,False,Z
1948956,2012-07-02,MIA,LGA,AA,N3HDAA,1876,1745,1830,2050,2112,1845,2109,22,0,0,0,0,False,False,Z
1948957,2012-07-02,LGA,MCO,DL,N974DL,1585,1745,1740,2042,2027,1759,2015,0,0,0,0,0,False,False,Z
1948958,2012-07-02,LGA,ATL,FL,N958AT,847,1745,1742,2007,1951,1756,1937,0,0,0,0,0,False,False,Z
1948959,2012-07-02,ATL,LGA,FL,N968AT,148,1745,1752,1959,1955,1804,1949,0,0,0,0,0,False,False,Z
1948960,2012-07-02,LGA,RDU,MQ,N518MQ,4603,1745,1745,1925,1931,1813,1925,0,0,0,0,0,False,False,Z
1948961,2012-07-02,IAH,LGA,UA,N21723,1632,1745,1741,2224,2159,1755,2156,0,0,0,0,0,False,False,Z
1948962,2012-07-02,LGA,CAK,FL,N287AT,7,1748,1744,1920,1901,1758,1857,0,0,0,0,0,False,False,Z
1948963,2012-07-02,DEN,LGA,F9,N948FR,508,1755,1750,2339,2340,1808,2332,0,0,0,0,0,False,False,Z
1948964,2012-07-02,BNA,LGA,MQ,N521MQ,4624,1755,1753,2105,2051,1807,2046,0,0,0,0,0,False,False,Z
1948965,2012-07-02,LGA,MCO,B6,N746JB,391,1759,1749,2047,2026,1805,2019,0,0,0,0,0,False,False,Z
1948966,2012-07-02,LGA,DFW,AA,N3GUAA,785,1759,1754,2049,2027,1808,2014,0,0,0,0,0,False,False,Z
1948967,2012-07-02,DTW,LGA,DL,N937DL,1548,1759,1754,1950,1932,1811,1921,0,0,0,0,0,False,False,Z
1948968,2012-07-02,LGA,CLE,UA,N430UA,674,1759,1852,1952,2015,1904,2010,0,0,0,0,23,False,False,Z
1948969,2012-07-02,LGA,MIA,AA,N3GVAA,1611,1800,1746,2120,2031,1803,2024,0,0,0,0,0,False,False,Z
1948970,2012-07-02,LGA,ATL,DL,N658DL,61,1800,1755,2035,2025,1835,2017,0,0,0,0,0,False,False,Z
1948971,2012-07-02,LGA,RSW,DL,N931DL,1433,1800,1756,2116,2051,1815,2046,0,0,0,0,0,False,False,Z
1948972,2012-07-02,LGA,DTW,DL,N327NB,2131,1800,1753,2007,1932,1810,1925,0,0,0,0,0,False,False,Z
1948973,2012-07-02,LGA,XNA,MQ,N728MQ,4413,1800,1754,2020,1959,1818,1956,0,0,0,0,0,False,False,Z
1948974,2012-07-02,LGA,BOS,US,N957UW,2138,1800,1800,1918,1911,1820,1902,0,0,0,0,0,False,False,Z
1948975,2012-07-02,BOS,LGA,US,N954UW,2139,1800,1754,1930,1906,1809,1901,0,0,0,0,0,False,False,Z
1948976,2012-07-02,DCA,LGA,US,N746UW,2182,1800,1754,1927,1852,1808,1848,0,0,0,0,0,False,False,Z
1948977,2012-07-02,LGA,DCA,US,N748UW,2185,1800,1758,1918,1909,1824,1906,0,0,0,0,0,False,False,Z
1948978,2012-07-02,RDU,LGA,MQ,N723MQ,4448,1805,1757,1955,1923,1812,1917,0,0,0,0,0,False,False,Z
1948979,2012-07-02,LGA,ORD,AA,N4YTAA,347,1810,1801,1955,1909,1816,1903,0,0,0,0,0,False,False,Z
1948980,2012-07-02,ORD,LGA,AA,N4XLAA,350,1810,1809,2135,2055,1817,2051,0,0,0,0,0,False,False,Z
1948981,2012-07-02,STL,LGA,AA,N4WNAA,1028,1810,1800,2140,2125,1818,2121,0,0,0,0,0,False,False,Z
1948982,2012-07-02,CLT,LGA,MQ,N530MQ,4580,1810,1805,2010,1935,1814,1929,0,0,0,0,0,False,False,Z
1948983,2012-07-02,ORD,LGA,UA,N437UA,502,1810,1817,2126,2117,1836,2113,0,0,0,0,0,False,False,Z
1948984,2012-07-02,MIA,LGA,DL,N968DL,2098,1815,1810,2133,2056,1825,2048,0,0,0,0,0,False,False,Z
1948985,2012-07-02,CLT,LGA,US,N191UW,1630,1815,1814,2013,1951,1825,1943,0,0,0,0,0,False,False,Z
1948986,2012-07-02,LGA,ORD,UA,N818UA,691,1815,1812,1958,1924,1831,1919,0,0,0,0,0,False,False,Z
1948987,2012-07-02,LGA,CMH,MQ,N532MQ,4626,1820,1910,2010,2043,1931,2039,0,0,0,0,33,False,False,Z
1948988,2012-07-02,LGA,MDW,WN,N719SW,267,1825,1822,1955,1946,1841,1928,0,0,0,0,0,False,False,Z
1948989,2012-07-02,JAX,LGA,DL,N339NB,528,1830,1904,2100,2111,1917,2104,0,0,0,0,0,False,False,Z
1948990,2012-07-02,LGA,CLE,MQ,N514MQ,4674,1830,1822,2015,1950,1838,1944,0,0,0,0,0,False,False,Z
1948991,2012-07-02,LGA,BNA,MQ,N733MQ,4484,1830,1822,1955,1952,1847,1942,0,0,0,0,0,False,False,Z
1948992,2012-07-02,PBI,LGA,DL,N958DL,1552,1835,1844,2130,2128,1857,2115,0,0,0,0,0,False,False,Z
1948993,2012-07-02,ATL,LGA,DL,N6703D,886,1835,1831,2112,2040,1849,2031,0,0,0,0,0,False,False,Z
1948994,2012-07-02,TPA,LGA,DL,N962DL,1935,1840,1830,2131,2109,1840,2057,0,0,0,0,0,False,False,Z
1948995,2012-07-02,LGA,MSP,DL,N992DL,2019,1840,1852,2053,2056,1922,2047,0,0,0,0,0,False,False,Z
1948996,2012-07-02,LGA,CRW,MQ,N738MQ,4517,1840,1831,2030,1959,1849,1956,0,0,0,0,0,False,False,Z
1948997,2012-07-02,SRQ,LGA,B6,N570JB,432,1842,1916,2120,2151,1926,2145,0,0,0,0,31,False,False,Z
1948998,2012-07-02,DFW,LGA,AA,N511AA,766,1845,1838,2310,2253,1848,2250,0,0,0,0,0,False,False,Z
1948999,2012-07-02,MCO,LGA,DL,N354NW,1976,1850,1850,2134,2158,1900,2108,0,0,24,0,0,False,False,Z
1949000,2012-07-02,LGA,MKE,FL,N892AT,1611,1852,1852,2010,1956,1906,1953,0,0,0,0,0,False,False,Z
1949001,2012-07-02,LGA,CLT,US,N163US,1491,1859,1858,2103,2047,1927,2042,0,0,0,0,0,False,False,Z
1949002,2012-07-02,ORD,LGA,AA,N4WAAA,348,1900,1856,2215,2158,1911,2148,0,0,0,0,0,False,False,Z
1949003,2012-07-02,LGA,ATL,DL,N543US,947,1900,1857,2133,2125,1930,2114,0,0,0,0,0,False,False,Z
1949004,2012-07-02,LGA,MSP,MQ,N0EGMQ,4649,1900,1856,2055,2038,1913,2034,0,0,0,0,0,False,False,Z
1949005,2012-07-02,XNA,LGA,MQ,N719MQ,4500,1900,1849,2305,2248,1905,2245,0,0,0,0,0,False,False,Z
1949006,2012-07-02,LGA,BOS,US,N950UW,2140,1900,1854,2020,2001,1914,1956,0,0,0,0,0,False,False,Z
1949007,2012-07-02,BOS,LGA,US,N945UW,2141,1900,1852,2022,2008,1920,2004,0,0,0,0,0,False,False,Z
1949008,2012-07-02,DCA,LGA,US,N715UW,2184,1900,1854,2025,2000,1914,1956,0,0,0,0,0,False,False,Z
1949009,2012-07-02,LGA,DCA,US,N741UW,2187,1900,1855,2020,1954,1911,1951,0,0,0,0,0,False,False,Z
1949010,2012-07-02,MKE,LGA,FL,N959AT,308,1902,1853,2159,2151,1901,2139,0,0,0,0,0,False,False,Z
1949011,2012-07-02,MCO,LGA,B6,N804JB,396,1905,1908,2151,2152,1937,2147,0,0,0,0,0,False,False,Z
1949012,2012-07-02,RDU,LGA,MQ,N736MQ,4419,1905,1856,2055,2015,1908,2011,0,0,0,0,0,False,False,Z
1949013,2012-07-02,TPA,LGA,B6,N509JB,986,1911,1912,2159,2144,1924,2131,0,0,0,0,0,False,False,Z
1949014,2012-07-02,MIA,LGA,AA,N3GYAA,1816,1915,1913,2225,2202,1925,2153,0,0,0,0,0,False,False,Z
1949015,2012-07-02,LGA,STL,AA,N501AA,2019,1915,1905,2055,2034,1926,2030,0,0,0,0,0,False,False,Z
1949016,2012-07-02,DTW,LGA,MQ,N842MQ,4486,1915,1902,2110,2100,1915,2027,0,0,0,0,0,False,False,Z
1949017,2012-07-02,MSP,LGA,DL,N327NW,1596,1920,1916,2305,2252,1933,2240,0,0,0,0,0,False,False,Z
1949018,2012-07-02,LGA,ATL,FL,N972AT,115,1920,1912,2140,2124,1934,2118,0,0,0,0,0,False,False,Z
1949019,2012-07-02,LGA,DFW,AA,N3GEAA,787,1925,1920,2210,2143,1940,2137,0,0,0,0,0,False,False,Z
1949020,2012-07-02,LGA,MIA,DL,N917DE,1863,1925,1919,2246,2205,1939,2159,0,0,0,0,0,False,False,Z
1949021,2012-07-02,LGA,MCO,DL,N907DL,1485,1925,1922,2215,2202,1947,2155,0,0,0,0,0,False,False,Z
1949022,2012-07-02,ATL,LGA,MQ,N512MQ,4671,1925,9999,2155,9999,9999,9999,9999,9999,9999,9999,9999,True,False,A
1949023,2012-07-02,LGA,PBI,DL,N936DL,2370,1929,1923,2235,2212,1950,2207,0,0,0,0,0,False,False,Z
1949024,2012-07-02,LGA,IAD,EV,N13124,5912,1929,1927,2055,2030,1942,2024,0,0,0,0,0,False,False,Z
1949025,2012-07-02,LGA,TPA,DL,N933DL,1435,1930,1932,2238,2223,1957,2218,0,0,0,0,0,False,False,Z
1949026,2012-07-02,ATL,LGA,DL,N900PC,1086,1935,1934,2209,2222,2001,2141,0,0,0,0,0,False,False,Z
1949027,2012-07-02,LGA,MSY,DL,N338NB,1715,1940,1935,2200,2134,1952,2125,0,0,0,0,0,False,False,Z
1949028,2012-07-02,LGA,FLL,B6,N805JB,381,1945,1939,2239,2225,2001,2218,0,0,0,0,0,False,False,Z
1949029,2012-07-02,LGA,FLL,DL,N954DL,1005,1945,1939,2259,2233,2012,2228,0,0,0,0,0,False,False,Z
1949030,2012-07-02,BWI,LGA,WN,N209WN,2512,1945,1946,2055,2040,1954,2029,0,0,0,0,0,False,False,Z
1949031,2012-07-02,FLL,LGA,DL,N386DA,1514,1950,1952,2257,2232,2005,2226,0,0,0,0,0,False,False,Z
1949032,2012-07-02,LGA,ORD,AA,N4YEAA,363,1955,1951,2135,2104,2014,2059,0,0,0,0,0,False,False,Z
1949033,2012-07-02,ORD,LGA,AA,N466AA,346,1955,1948,2305,2233,1957,2230,0,0,0,0,0,False,False,Z
1949034,2012-07-02,DTW,LGA,DL,N920DL,158,1955,1952,2147,2200,2011,2122,0,0,0,0,0,False,False,Z
1949035,2012-07-02,LGA,MIA,AA,N5CRAA,1709,2000,1955,2305,2244,2018,2239,0,0,0,0,0,False,False,Z
1949036,2012-07-02,LGA,ATL,DL,N945DL,1147,2000,1952,2236,2213,2029,2207,0,0,0,0,0,False,False,Z
1949037,2012-07-02,LGA,ATL,MQ,N544MQ,4662,2000,1955,2225,2205,2019,2158,0,0,0,0,0,False,False,Z
1949038,2012-07-02,RDU,LGA,MQ,N518MQ,4604,2000,1959,2140,2129,2012,2118,0,0,0,0,0,False,False,Z
1949039,2012-07-02,LGA,BOS,US,N954UW,2142,2000,1954,2117,2115,2031,2110,0,0,0,0,0,False,False,Z
1949040,2012-07-02,BOS,LGA,US,N957UW,2143,2000,1953,2123,2111,2019,2108,0,0,0,0,0,False,False,Z
1949041,2012-07-02,DCA,LGA,US,N748UW,2186,2000,1956,2127,2101,2009,2053,0,0,0,0,0,False,False,Z
1949042,2012-07-02,LGA,DCA,US,N746UW,2189,2000,1952,2120,2102,2022,2058,0,0,0,0,0,False,False,Z
1949043,2012-07-02,LGA,CMH,MQ,N847MQ,4555,2005,2133,2200,2313,2149,2304,0,0,0,0,73,False,False,Z
1949044,2012-07-02,LGA,ORD,UA,N843UA,695,2005,1959,2148,2120,2024,2111,0,0,0,0,0,False,False,Z
1949045,2012-07-02,FLL,LGA,B6,N521JB,382,2015,2017,2312,2317,2041,2308,0,0,0,0,0,False,False,Z
1949046,2012-07-02,ORD,LGA,UA,N486UA,694,2016,2016,2330,2303,2028,2301,0,0,0,0,0,False,False,Z
1949047,2012-07-02,ORD,LGA,AA,N4WVAA,336,2020,2020,2330,2314,2034,2310,0,0,0,0,0,False,False,Z
1949048,2012-07-02,LGA,MDW,WN,N214WN,3318,2020,2018,2155,2133,2044,2128,0,0,0,0,0,False,False,Z
1949049,2012-07-02,CLT,LGA,US,N183UW,1124,2020,2016,2211,2159,2028,2150,0,0,0,0,0,False,False,Z
1949050,2012-07-02,MDW,LGA,WN,N8604K,157,2025,2030,2325,2319,2038,2314,0,0,0,0,0,False,False,Z
1949051,2012-07-02,LGA,JAX,DL,N332NB,2209,2030,2036,2305,2252,2055,2246,0,0,0,0,0,False,False,Z
1949052,2012-07-02,MIA,LGA,AA,N3CSAA,1226,2035,2032,2330,2324,2054,2320,0,0,0,0,0,False,False,Z
1949053,2012-07-02,LGA,CAK,FL,N968AT,1710,2045,2040,2211,2155,2052,2151,0,0,0,0,0,False,False,Z
1949054,2012-07-02,LGA,MCO,B6,N605JB,399,2100,2100,2337,2325,2116,2319,0,0,0,0,0,False,False,Z
1949055,2012-07-02,LGA,DTW,MQ,N736MQ,4569,2100,2051,2255,2233,2105,2226,0,0,0,0,0,False,False,Z
1949056,2012-07-02,LGA,BOS,US,N945UW,2144,2100,2055,2216,2200,2117,2156,0,0,0,0,0,False,False,Z
1949057,2012-07-02,DCA,LGA,US,N741UW,2188,2100,2054,2213,2158,2112,2151,0,0,0,0,0,False,False,Z
1949058,2012-07-02,LGA,DCA,US,N715UW,2191,2100,2055,2215,2202,2107,2146,0,0,0,0,0,False,False,Z
1949059,2012-07-02,LGA,CLT,MQ,N524MQ,4584,2115,2110,2315,2252,2125,2239,0,0,0,0,0,False,False,Z
1949060,2012-07-02,ATL,LGA,FL,N603AT,172,2120,2119,2329,2327,2134,2317,0,0,0,0,0,False,False,Z
1949061,2012-07-02,LGA,RDU,MQ,N519MQ,4612,2120,2113,2250,2232,2129,2229,0,0,0,0,0,False,False,Z
1949062,2012-07-02,LGA,BNA,MQ,N506MQ,4660,2125,2118,2245,2230,2140,2224,0,0,0,0,0,False,False,Z
1949063,2012-07-02,LGA,FLL,B6,N566JB,383,2130,2131,15,7,2146,3,0,0,0,0,0,False,False,Z
1949064,2012-07-02,ATL,LGA,DL,N680DA,1286,2135,2132,2359,2342,2148,2329,0,0,0,0,0,False,False,Z
1949065,2012-07-02,IAD,LGA,YV,N502MJ,3749,2200,2158,2311,2258,2212,2255,0,0,0,0,0,False,False,Z
1949066,2012-07-02,CLT,LGA,US,N762US,1632,2206,2211,2352,2346,2225,2341,0,0,0,0,0,False,False,Z
1949067,2012-07-02,LGA,PWM,DL,N339NB,750,2220,2219,2335,2329,2241,2325,0,0,0,0,0,False,False,Z
1949068,2012-07-02,PHL,LGA,US,N948UW,1290,2250,2303,2342,2346,2318,2343,0,0,0,0,0,False,False,Z
