index,FlightDate,Origin,Dest,Reporting_Airline,Tail_Number,Flight_Number_Reporting_Airline,CRSDepTime,DepTime,CRSArrTime,ArrTime,WheelsOff,WheelsOn,CarrierDelay,WeatherDelay,NASDelay,SecurityDelay,LateAircraftDelay,Cancelled,Diverted,CancellationCode
1245753,2008-12-25,LGA,IAH,CO,N14604,633,545,600,850,856,616,844,0,0,0,0,0,False,False,Z
1245754,2008-12-25,LGA,ORD,AA,N514AA,301,600,600,730,736,615,727,0,0,0,0,0,False,False,Z
1245755,2008-12-25,ORD,LGA,AA,N5CEAA,398,600,554,855,835,607,831,0,0,0,0,0,False,False,Z
1245756,2008-12-25,LGA,DFW,AA,N533AA,701,600,616,905,918,631,902,0,0,0,0,0,False,False,Z
1245757,2008-12-25,LGA,FLL,B6,N661JB,371,600,559,856,850,614,848,0,0,0,0,0,False,False,Z
1245758,2008-12-25,LGA,ATL,DL,N668DN,19,600,557,842,856,627,830,0,0,0,0,0,False,False,Z
1245759,2008-12-25,LGA,CVG,DL,N399DA,1211,600,602,815,810,620,805,0,0,0,0,0,False,False,Z
1245760,2008-12-25,RDU,LGA,MQ,N846MQ,4751,600,556,735,711,608,706,0,0,0,0,0,False,False,Z
1245761,2008-12-25,DSM,LGA,MQ,N721MQ,4821,600,600,935,935,638,932,0,0,0,0,0,False,False,Z
1245762,2008-12-25,LGA,ORD,UA,N814UA,667,600,604,725,733,617,728,0,0,0,0,0,False,False,Z
1245763,2008-12-25,LGA,MIA,AA,N613AA,2255,605,611,905,914,625,858,0,0,0,0,0,False,False,Z
1245764,2008-12-25,FLL,LGA,B6,N644JB,370,610,602,854,843,618,836,0,0,0,0,0,False,False,Z
1245765,2008-12-25,LGA,RDU,MQ,N708MQ,4724,615,611,800,743,628,740,0,0,0,0,0,False,False,Z
1245766,2008-12-25,DTW,LGA,MQ,N833MQ,4877,615,611,759,812,702,806,0,0,0,0,0,False,False,Z
1245767,2008-12-25,LGA,MSP,NW,N356NW,1675,615,613,821,824,630,820,0,0,0,0,0,False,False,Z
1245768,2008-12-25,CAK,LGA,FL,N935AT,201,625,622,759,731,631,726,0,0,0,0,0,False,False,Z
1245769,2008-12-25,DTW,LGA,NW,N345NW,526,625,624,815,843,725,834,0,0,28,0,0,False,False,Z
1245770,2008-12-25,LGA,ORD,AA,N5BTAA,303,629,636,804,805,649,755,0,0,0,0,0,False,False,Z
1245771,2008-12-25,LGA,IAH,CO,N18622,333,630,628,936,926,651,917,0,0,0,0,0,False,False,Z
1245772,2008-12-25,IAH,LGA,CO,N13624,1032,630,627,1058,1043,642,1037,0,0,0,0,0,False,False,Z
1245773,2008-12-25,LGA,ATL,FL,N169AT,359,630,624,903,855,643,844,0,0,0,0,0,False,False,Z
1245774,2008-12-25,LGA,MEM,NW,N340NB,635,630,629,833,829,648,822,0,0,0,0,0,False,False,Z
1245775,2008-12-25,MIA,LGA,AA,N5EXAA,1114,635,643,930,921,658,916,0,0,0,0,0,False,False,Z
1245776,2008-12-25,TPA,LGA,DL,N396DA,1502,635,631,915,854,643,843,0,0,0,0,0,False,False,Z
1245777,2008-12-25,LGA,CLT,US,N178US,1433,635,634,835,839,656,831,0,0,0,0,0,False,False,Z
1245778,2008-12-25,DFW,LGA,AA,N3BYAA,700,640,636,1100,1041,646,1036,0,0,0,0,0,False,False,Z
1245779,2008-12-25,LGA,MIA,AA,N5DRAA,1713,645,643,950,944,658,938,0,0,0,0,0,False,False,Z
1245780,2008-12-25,MCO,LGA,DL,N979DL,1482,645,639,925,901,656,854,0,0,0,0,0,False,False,Z
1245781,2008-12-25,LGA,ATL,DL,N3759,903,655,656,937,953,715,914,0,0,16,0,0,False,False,Z
1245782,2008-12-25,FLL,LGA,DL,N921DL,1456,700,701,1003,942,718,935,0,0,0,0,0,False,False,Z
1245783,2008-12-25,LGA,PBI,DL,N916DE,1493,700,655,1008,942,708,939,0,0,0,0,0,False,False,Z
1245784,2008-12-25,MSP,LGA,NW,N314US,520,700,658,1039,1025,724,1019,0,0,0,0,0,False,False,Z
1245785,2008-12-25,LGA,ORD,UA,N404UA,669,700,659,835,849,720,828,0,0,0,0,0,False,False,Z
1245786,2008-12-25,ORD,LGA,UA,N838UA,670,700,700,1011,947,710,943,0,0,0,0,0,False,False,Z
1245787,2008-12-25,PIT,LGA,US,N106US,1288,702,656,828,801,706,755,0,0,0,0,0,False,False,Z
1245788,2008-12-25,LGA,DFW,AA,N476AA,707,705,706,1020,1007,719,948,0,0,0,0,0,False,False,Z
1245789,2008-12-25,LGA,FLL,DL,N986DL,1457,705,705,1016,956,723,952,0,0,0,0,0,False,False,Z
1245790,2008-12-25,DFW,LGA,AA,N251AA,704,710,704,1135,1101,716,1055,0,0,0,0,0,False,False,Z
1245791,2008-12-25,LGA,MSY,DL,N907DE,1491,710,709,949,923,721,919,0,0,0,0,0,False,False,Z
1245792,2008-12-25,LGA,DEN,UA,N527UA,403,711,710,944,950,727,940,0,0,0,0,0,False,False,Z
1245793,2008-12-25,LGA,MCO,DL,N952DL,1483,715,710,1015,947,724,942,0,0,0,0,0,False,False,Z
1245794,2008-12-25,PBI,LGA,DL,N940DL,1492,715,711,1010,938,721,930,0,0,0,0,0,False,False,Z
1245795,2008-12-25,CMH,LGA,MQ,N826MQ,4870,715,713,900,851,739,844,0,0,0,0,0,False,False,Z
1245796,2008-12-25,JAX,LGA,OH,N964CA,6564,715,710,951,917,720,910,0,0,0,0,0,False,False,Z
1245797,2008-12-25,LGA,ORD,AA,N4XEAA,305,720,720,900,849,737,841,0,0,0,0,0,False,False,Z
1245798,2008-12-25,LGA,IAH,CO,N14628,733,720,710,1022,1019,731,1006,0,0,0,0,0,False,False,Z
1245799,2008-12-25,LGA,DTW,NW,N360NW,533,726,726,938,914,738,906,0,0,0,0,0,False,False,Z
1245800,2008-12-25,RDU,LGA,MQ,N857MQ,4727,730,1056,905,1212,1112,1209,0,0,0,0,187,False,False,Z
1245801,2008-12-25,IND,LGA,NW,N925US,1052,730,750,940,951,802,925,0,0,0,0,0,False,False,Z
1245802,2008-12-25,LGA,PBI,B6,N656JB,363,735,732,1026,1023,746,1019,0,0,0,0,0,False,False,Z
1245803,2008-12-25,LGA,TPA,DL,N977DL,1503,735,730,1043,1017,740,1010,0,0,0,0,0,False,False,Z
1245804,2008-12-25,BNA,LGA,AA,N445AA,1088,740,735,1050,1021,745,1018,0,0,0,0,0,False,False,Z
1245805,2008-12-25,IAH,LGA,CO,N33266,332,740,741,1200,1142,751,1137,0,0,0,0,0,False,False,Z
1245806,2008-12-25,RIC,LGA,FL,N915AT,790,740,737,900,839,746,833,0,0,0,0,0,False,False,Z
1245807,2008-12-25,MIA,LGA,AA,N3DJAA,1256,745,743,1040,1016,755,1014,0,0,0,0,0,False,False,Z
1245808,2008-12-25,LGA,ORD,AA,N470AA,309,750,751,930,922,803,909,0,0,0,0,0,False,False,Z
1245809,2008-12-25,ORD,LGA,AA,N455AA,392,750,814,1050,1057,829,1054,0,0,0,0,0,False,False,Z
1245810,2008-12-25,LGA,DFW,AA,N411AA,709,755,755,1110,1135,816,1044,0,0,25,0,0,False,False,Z
1245811,2008-12-25,LGA,ATL,DL,N622DL,905,755,757,1042,1014,809,1004,0,0,0,0,0,False,False,Z
1245812,2008-12-25,CLT,LGA,US,N169UW,1050,755,751,942,918,803,913,0,0,0,0,0,False,False,Z
1245813,2008-12-25,LGA,MSP,NW,N370NW,509,759,759,1012,1014,817,1005,0,0,0,0,0,False,False,Z
1245814,2008-12-25,GRR,LGA,9E,88869E,2150,800,1056,1003,1242,1115,1232,159,0,0,0,0,False,False,Z
1245815,2008-12-25,LGA,MIA,AA,N5EKAA,2077,800,756,1105,1112,813,1057,0,0,0,0,0,False,False,Z
1245816,2008-12-25,LGA,MCO,FL,N311AT,341,800,808,1054,1042,820,1037,0,0,0,0,0,False,False,Z
1245817,2008-12-25,MKE,LGA,FL,N967AT,508,800,800,1105,1117,839,1108,0,0,0,0,0,False,False,Z
1245818,2008-12-25,BOS,LGA,US,N744P,2119,800,751,914,852,807,847,0,0,0,0,0,False,False,Z
1245819,2008-12-25,DCA,LGA,US,N756US,2162,800,752,913,841,802,837,0,0,0,0,0,False,False,Z
1245820,2008-12-25,LGA,BOS,US,N724UW,2118,800,753,857,837,801,834,0,0,0,0,0,False,False,Z
1245821,2008-12-25,LGA,DCA,US,N751UW,2165,800,756,909,905,811,902,0,0,0,0,0,False,False,Z
1245822,2008-12-25,DEN,LGA,UA,N455UA,358,804,801,1352,1303,814,1300,0,0,0,0,0,False,False,Z
1245823,2008-12-25,DFW,LGA,AA,N454AA,708,810,851,1229,1243,900,1237,0,0,0,0,0,False,False,Z
1245824,2008-12-25,LGA,CLT,US,N190UW,899,810,807,1018,955,821,947,0,0,0,0,0,False,False,Z
1245825,2008-12-25,LGA,RDU,MQ,N846MQ,4739,815,811,1000,942,822,940,0,0,0,0,0,False,False,Z
1245826,2008-12-25,LGA,STL,AA,N450AA,1855,820,820,1015,956,834,952,0,0,0,0,0,False,False,Z
1245827,2008-12-25,MCO,LGA,DL,N906DL,1518,820,814,1102,1031,821,1022,0,0,0,0,0,False,False,Z
1245828,2008-12-25,IAD,LGA,UA,N431UA,846,822,816,948,923,840,920,0,0,0,0,0,False,False,Z
1245829,2008-12-25,LGA,BNA,AA,N4XPAA,1151,830,934,1010,1052,951,1049,42,0,0,0,0,False,False,Z
1245830,2008-12-25,RDU,LGA,MQ,N723MQ,4728,830,830,1005,951,841,939,0,0,0,0,0,False,False,Z
1245831,2008-12-25,MEM,LGA,NW,N339NW,630,830,834,1212,1200,901,1151,0,0,0,0,0,False,False,Z
1245832,2008-12-25,CVG,LGA,9E,96059E,5852,835,851,1030,1036,908,1025,0,0,0,0,0,False,False,Z
1245833,2008-12-25,LGA,ATL,FL,N935AT,326,835,827,1111,1045,838,1039,0,0,0,0,0,False,False,Z
1245834,2008-12-25,DTW,LGA,NW,N315NB,540,836,834,1020,1006,858,1001,0,0,0,0,0,False,False,Z
1245835,2008-12-25,ATL,LGA,DL,N675DL,904,840,836,1100,1049,902,1040,0,0,0,0,0,False,False,Z
1245836,2008-12-25,ATL,LGA,FL,N959AT,360,840,842,1047,1043,859,1039,0,0,0,0,0,False,False,Z
1245837,2008-12-25,PHF,LGA,FL,N717JL,642,840,835,959,944,842,928,0,0,0,0,0,False,False,Z
1245838,2008-12-25,CLE,LGA,MQ,N710MQ,4886,840,856,1020,1028,925,1023,0,0,0,0,0,False,False,Z
1245839,2008-12-25,LGA,JAX,OH,N914CA,6941,845,845,1144,1147,937,1137,0,0,0,0,0,False,False,Z
1245840,2008-12-25,LGA,ORD,AA,N5EBAA,313,850,859,1040,1034,911,1013,0,0,0,0,0,False,False,Z
1245841,2008-12-25,STL,LGA,AA,N524AA,840,850,847,1215,1153,906,1148,0,0,0,0,0,False,False,Z
1245842,2008-12-25,LGA,PIT,MQ,N712MQ,4871,850,846,1030,1012,904,1007,0,0,0,0,0,False,False,Z
1245843,2008-12-25,ORD,LGA,UA,N837UA,674,859,902,1210,1138,913,1135,0,0,0,0,0,False,False,Z
1245844,2008-12-25,ORD,LGA,AA,N444AA,386,900,908,1159,1145,918,1141,0,0,0,0,0,False,False,Z
1245845,2008-12-25,DFW,LGA,AA,N483AA,710,900,854,1320,1250,910,1244,0,0,0,0,0,False,False,Z
1245846,2008-12-25,LGA,MCO,AA,N546AA,1753,900,905,1200,1138,921,1132,0,0,0,0,0,False,False,Z
1245847,2008-12-25,LGA,MIA,AA,N626AA,2015,900,858,1220,1200,919,1155,0,0,0,0,0,False,False,Z
1245848,2008-12-25,LGA,IAH,CO,N27724,1633,900,902,1215,1152,918,1143,0,0,0,0,0,False,False,Z
1245849,2008-12-25,LGA,DEN,F9,N910FR,505,900,901,1130,1146,914,1140,1,0,15,0,0,False,False,Z
1245850,2008-12-25,LGA,DTW,NW,N345NW,537,900,921,1114,1131,950,1121,0,0,0,0,17,False,False,Z
1245851,2008-12-25,LGA,ORD,UA,N564UA,673,900,1040,1038,1202,1056,1159,5,0,0,0,79,False,False,Z
1245852,2008-12-25,IAH,LGA,CO,N14629,232,910,921,1339,1346,953,1341,0,0,0,0,0,False,False,Z
1245853,2008-12-25,LGA,PHF,FL,N980AT,282,910,907,1039,1025,931,1021,0,0,0,0,0,False,False,Z
1245854,2008-12-25,LGA,DFW,AA,N471AA,713,915,911,1230,1222,929,1146,0,0,0,0,0,False,False,Z
1245855,2008-12-25,LGA,CVG,OH,N436CA,6936,915,915,1144,1134,943,1133,0,0,0,0,0,False,False,Z
1245856,2008-12-25,LGA,PIT,US,N106US,1539,915,911,1056,1034,933,1031,0,0,0,0,0,False,False,Z
1245857,2008-12-25,RDU,LGA,MQ,N809MQ,4734,930,925,1105,1035,934,1031,0,0,0,0,0,False,False,Z
1245858,2008-12-25,LGA,FLL,B6,N644JB,375,935,933,1243,1224,949,1222,0,0,0,0,0,False,False,Z
1245859,2008-12-25,ATL,LGA,DL,N695DL,906,940,955,1200,1213,1025,1201,0,0,0,0,0,False,False,Z
1245860,2008-12-25,LGA,DTW,MQ,N826MQ,4869,940,939,1150,1144,954,1129,0,0,0,0,0,False,False,Z
1245861,2008-12-25,ORD,LGA,AA,N287AA,382,950,952,1259,1234,1004,1231,0,0,0,0,0,False,False,Z
1245862,2008-12-25,FLL,LGA,B6,N504JB,372,955,1112,1245,1355,1134,1349,3,0,0,0,67,False,False,Z
1245863,2008-12-25,LGA,ATL,DL,N630DL,909,955,956,1245,1215,1015,1208,0,0,0,0,0,False,False,Z
1245864,2008-12-25,LGA,RDU,MQ,N857MQ,4726,955,1238,1140,1405,1252,1402,0,0,0,0,145,False,False,Z
1245865,2008-12-25,CLT,LGA,US,N763US,1910,955,950,1155,1122,1005,1117,0,0,0,0,0,False,False,Z
1245866,2008-12-25,DFW,LGA,AA,N533AA,712,1000,1006,1420,1412,1021,1356,0,0,0,0,0,False,False,Z
1245867,2008-12-25,LGA,RIC,FL,N915AT,249,1000,956,1125,1108,1008,1104,0,0,0,0,0,False,False,Z
1245868,2008-12-25,BOS,LGA,US,N724UW,2123,1000,947,1119,1051,1000,1048,0,0,0,0,0,False,False,Z
1245869,2008-12-25,DCA,LGA,US,N751UW,2166,1000,958,1120,1050,1008,1047,0,0,0,0,0,False,False,Z
1245870,2008-12-25,LGA,BOS,US,N756US,2122,1000,953,1108,1045,1007,1040,0,0,0,0,0,False,False,Z
1245871,2008-12-25,LGA,CLT,US,N762US,1177,1000,958,1212,1149,1012,1144,0,0,0,0,0,False,False,Z
1245872,2008-12-25,LGA,DCA,US,N744P,2169,1000,952,1121,1100,1004,1053,0,0,0,0,0,False,False,Z
1245873,2008-12-25,DTW,LGA,NW,N366NW,542,1003,1004,1155,1136,1022,1128,0,0,0,0,0,False,False,Z
1245874,2008-12-25,LGA,ORD,AA,N5CEAA,319,1005,1007,1145,1202,1026,1134,0,0,17,0,0,False,False,Z
1245875,2008-12-25,MIA,LGA,AA,N5DPAA,1124,1010,1011,1259,1255,1032,1246,0,0,0,0,0,False,False,Z
1245876,2008-12-25,MSP,LGA,NW,N316NB,508,1024,1016,1403,1335,1034,1327,0,0,0,0,0,False,False,Z
1245877,2008-12-25,LGA,BOS,DL,N915DE,1380,1029,1029,1143,1118,1041,1111,0,0,0,0,0,False,False,Z
1245878,2008-12-25,LGA,MCO,DL,N979DL,1485,1029,1028,1333,1310,1052,1305,0,0,0,0,0,False,False,Z
1245879,2008-12-25,LGA,DTW,NW,N925US,539,1029,1030,1243,1237,1045,1221,0,0,0,0,0,False,False,Z
1245880,2008-12-25,BOS,LGA,DL,N958DL,1381,1030,1028,1143,1127,1043,1122,0,0,0,0,0,False,False,Z
1245881,2008-12-25,LGA,DEN,UA,N431UA,405,1030,1030,1306,1318,1044,1311,0,0,0,0,0,False,False,Z
1245882,2008-12-25,LGA,MIA,AA,N5EXAA,599,1035,1041,1350,1338,1058,1329,0,0,0,0,0,False,False,Z
1245883,2008-12-25,LGA,CMH,OH,N675BR,6611,1035,1055,1247,1245,1111,1239,0,0,0,0,0,False,False,Z
1245884,2008-12-25,ATL,LGA,DL,N902DE,908,1040,1042,1259,1243,1057,1235,0,0,0,0,0,False,False,Z
1245885,2008-12-25,LGA,CAK,FL,N717JL,202,1040,1035,1220,1207,1049,1201,0,0,0,0,0,False,False,Z
1245886,2008-12-25,LGA,IAH,CO,N37615,1033,1042,1042,1355,1345,1101,1334,0,0,0,0,0,False,False,Z
1245887,2008-12-25,DEN,LGA,UA,N826UA,402,1044,1042,1632,1559,1101,1553,0,0,0,0,0,False,False,Z
1245888,2008-12-25,LGA,IND,9E,85249E,2176,1045,1157,1317,1419,1217,1408,62,0,0,0,0,False,False,Z
1245889,2008-12-25,IAH,LGA,CO,N76504,432,1045,1048,1508,1458,1105,1454,0,0,0,0,0,False,False,Z
1245890,2008-12-25,ORD,LGA,AA,N464AA,378,1050,1049,1400,1343,1100,1325,0,0,0,0,0,False,False,Z
1245891,2008-12-25,PBI,LGA,DL,N916DE,1494,1050,1046,1338,1323,1100,1313,0,0,0,0,0,False,False,Z
1245892,2008-12-25,LGA,PBI,DL,N921DL,1495,1050,1048,1405,1338,1104,1332,0,0,0,0,0,False,False,Z
1245893,2008-12-25,LGA,MSN,MQ,N721MQ,4837,1050,1049,1235,1307,1103,1230,0,0,32,0,0,False,False,Z
1245894,2008-12-25,MIA,LGA,AA,N5DRAA,2088,1055,1052,1345,1355,1136,1352,0,0,0,0,0,False,False,Z
1245895,2008-12-25,LGA,FLL,DL,N953DL,1459,1055,1055,1419,1346,1109,1341,0,0,0,0,0,False,False,Z
1245896,2008-12-25,MCO,LGA,DL,N952DL,1484,1055,1047,1333,1311,1056,1259,0,0,0,0,0,False,False,Z
1245897,2008-12-25,DEN,LGA,F9,N949FR,510,1055,1052,1629,1612,1113,1607,0,0,0,0,0,False,False,Z
1245898,2008-12-25,PIT,LGA,MQ,N712MQ,4872,1055,1048,1220,1149,1053,1144,0,0,0,0,0,False,False,Z
1245899,2008-12-25,FLL,LGA,DL,N986DL,1458,1056,1048,1356,1328,1105,1324,0,0,0,0,0,False,False,Z
1245900,2008-12-25,ORD,LGA,UA,N454UA,678,1057,1213,1419,1452,1228,1449,0,0,0,0,33,False,False,Z
1245901,2008-12-25,CHS,LGA,OH,N420CA,6374,1059,1050,1259,1235,1103,1225,0,0,0,0,0,False,False,Z
1245902,2008-12-25,LGA,DFW,AA,N248AA,731,1100,1128,1420,1409,1139,1404,0,0,0,0,0,False,False,Z
1245903,2008-12-25,BNA,LGA,AA,N4XPAA,1795,1100,1132,1410,1420,1144,1415,0,0,0,0,0,False,False,Z
1245904,2008-12-25,STL,LGA,AA,N450AA,1030,1110,1105,1430,1418,1117,1400,0,0,0,0,0,False,False,Z
1245905,2008-12-25,PBI,LGA,B6,N656JB,362,1110,1108,1401,1335,1120,1332,0,0,0,0,0,False,False,Z
1245906,2008-12-25,LGA,CID,MQ,N723MQ,4862,1110,1107,1325,1309,1120,1304,0,0,0,0,0,False,False,Z
1245907,2008-12-25,LGA,MEM,NW,N315NB,177,1110,1102,1318,1258,1118,1251,0,0,0,0,0,False,False,Z
1245908,2008-12-25,LGA,CLT,US,N169UW,907,1110,1109,1322,1302,1123,1250,0,0,0,0,0,False,False,Z
1245909,2008-12-25,DFW,LGA,AA,N476AA,720,1115,1109,1540,1453,1118,1451,0,0,0,0,0,False,False,Z
1245910,2008-12-25,LGA,TPA,DL,N396DA,1505,1115,1112,1428,1403,1130,1359,0,0,0,0,0,False,False,Z
1245911,2008-12-25,SAV,LGA,OH,N809CA,6756,1115,1115,1324,1300,1124,1255,0,0,0,0,0,False,False,Z
1245912,2008-12-25,TPA,LGA,DL,N977DL,1504,1125,1120,1404,1344,1129,1337,0,0,0,0,0,False,False,Z
1245913,2008-12-25,CMH,LGA,MQ,N702MQ,4858,1125,1248,1310,1407,1300,1404,57,0,0,0,0,False,False,Z
1245914,2008-12-25,LGA,MSP,NW,N314US,1172,1129,1126,1343,1336,1142,1330,0,0,0,0,0,False,False,Z
1245915,2008-12-25,DCA,LGA,DL,N910DE,1350,1130,1128,1247,1221,1143,1216,0,0,0,0,0,False,False,Z
1245916,2008-12-25,LGA,DCA,DL,N958DL,1351,1130,1143,1251,1241,1153,1237,0,0,0,0,0,False,False,Z
1245917,2008-12-25,LGA,RDU,OH,N964CA,6753,1130,1140,1327,1321,1159,1313,0,0,0,0,0,False,False,Z
1245918,2008-12-25,JAX,LGA,OH,N720SW,6778,1130,1130,1351,1341,1144,1333,0,0,0,0,0,False,False,Z
1245919,2008-12-25,CLT,LGA,US,N190UW,938,1132,1124,1330,1302,1146,1253,0,0,0,0,0,False,False,Z
1245920,2008-12-25,LGA,DSM,9E,88869E,2850,1135,1302,1405,1509,1328,1505,0,0,0,0,64,False,False,Z
1245921,2008-12-25,LGA,DFW,AA,N3DJAA,739,1140,1137,1450,1411,1149,1405,0,0,0,0,0,False,False,Z
1245922,2008-12-25,ATL,LGA,DL,N622DL,910,1140,1141,1351,1341,1153,1329,0,0,0,0,0,False,False,Z
1245923,2008-12-25,IAH,LGA,CO,N87513,1832,1145,1145,1608,1600,1207,1557,0,0,0,0,0,False,False,Z
1245924,2008-12-25,LGA,IAH,CO,N13624,1833,1145,1139,1454,1440,1151,1423,0,0,0,0,0,False,False,Z
1245925,2008-12-25,LGA,STL,AA,N445AA,1589,1150,1142,1350,1323,1154,1320,0,0,0,0,0,False,False,Z
1245926,2008-12-25,LGA,ORD,AA,N455AA,327,1155,1155,1340,1329,1207,1315,0,0,0,0,0,False,False,Z
1245927,2008-12-25,LGA,PBI,AA,N523AA,1229,1200,1211,1515,1456,1222,1452,0,0,0,0,0,False,False,Z
1245928,2008-12-25,LGA,MIA,AA,N3BYAA,2093,1200,1159,1510,1455,1215,1448,0,0,0,0,0,False,False,Z
1245929,2008-12-25,LGA,ATL,DL,N675DL,915,1200,1207,1447,1430,1224,1423,0,0,0,0,0,False,False,Z
1245930,2008-12-25,RSW,LGA,DL,N981DL,1500,1200,1150,1444,1428,1202,1419,0,0,0,0,0,False,False,Z
1245931,2008-12-25,LGA,ATL,FL,N967AT,334,1200,1200,1436,1419,1213,1412,0,0,0,0,0,False,False,Z
1245932,2008-12-25,LGA,ORD,UA,N838UA,679,1200,1158,1339,1328,1212,1323,0,0,0,0,0,False,False,Z
1245933,2008-12-25,ORD,LGA,UA,N802UA,680,1200,1155,1522,1438,1207,1435,0,0,0,0,0,False,False,Z
1245934,2008-12-25,BOS,LGA,US,N756US,2127,1200,1147,1317,1242,1157,1239,0,0,0,0,0,False,False,Z
1245935,2008-12-25,DCA,LGA,US,N747UW,2170,1200,1155,1312,1252,1211,1249,0,0,0,0,0,False,False,Z
1245936,2008-12-25,LGA,BOS,US,N724UW,2126,1200,1153,1303,1238,1205,1234,0,0,0,0,0,False,False,Z
1245937,2008-12-25,LGA,DCA,US,N751UW,2173,1200,1156,1313,1255,1208,1253,0,0,0,0,0,False,False,Z
1245938,2008-12-25,MIA,LGA,AA,N5EKAA,2092,1210,1208,1500,1451,1227,1440,0,0,0,0,0,False,False,Z
1245939,2008-12-25,DTW,LGA,MQ,N826MQ,4868,1215,1213,1359,1339,1224,1335,0,0,0,0,0,False,False,Z
1245940,2008-12-25,ORD,LGA,AA,N514AA,374,1225,1221,1529,1504,1231,1457,0,0,0,0,0,False,False,Z
1245941,2008-12-25,FLL,LGA,B6,N708JB,376,1235,1247,1535,1523,1300,1516,0,0,0,0,0,False,False,Z
1245942,2008-12-25,LGA,DTW,NW,N366NW,535,1239,1235,1440,1433,1251,1426,0,0,0,0,0,False,False,Z
1245943,2008-12-25,RDU,LGA,MQ,N802MQ,4732,1240,1234,1425,1354,1245,1343,0,0,0,0,0,False,False,Z
1245944,2008-12-25,CVG,LGA,OH,N597SW,6406,1240,1240,1440,1420,1249,1410,0,0,0,0,0,False,False,Z
1245945,2008-12-25,ATL,LGA,FL,N930AT,366,1243,1239,1452,1436,1254,1432,0,0,0,0,0,False,False,Z
1245946,2008-12-25,MCO,LGA,AA,N546AA,1756,1250,1247,1520,1506,1257,1458,0,0,0,0,0,False,False,Z
1245947,2008-12-25,LGA,ATL,DL,N695DL,917,1255,1312,1535,1535,1332,1526,0,0,0,0,0,False,False,Z
1245948,2008-12-25,RDU,LGA,OH,N812CA,6476,1255,1250,1425,1415,1306,1407,0,0,0,0,0,False,False,Z
1245949,2008-12-25,DEN,LGA,UA,N538UA,1194,1255,1254,1840,1823,1330,1819,0,0,0,0,0,False,False,Z
1245950,2008-12-25,LGA,CLT,US,N763US,1435,1259,1254,1501,1439,1306,1430,0,0,0,0,0,False,False,Z
1245951,2008-12-25,LGA,ORD,AA,N444AA,329,1300,1259,1445,1442,1309,1422,0,0,0,0,0,False,False,Z
1245952,2008-12-25,LGA,IAH,CO,N33266,433,1300,1258,1608,1534,1308,1528,0,0,0,0,0,False,False,Z
1245953,2008-12-25,MSN,LGA,MQ,N721MQ,4829,1300,1338,1615,1631,1349,1628,3,0,0,0,13,False,False,Z
1245954,2008-12-25,LGA,ORD,UA,N837UA,681,1300,1252,1439,1413,1302,1409,0,0,0,0,0,False,False,Z
1245955,2008-12-25,CLT,LGA,US,N748UW,1520,1301,1258,1452,1428,1311,1424,0,0,0,0,0,False,False,Z
1245956,2008-12-25,MSP,LGA,NW,N348NW,200,1305,1300,1650,1621,1317,1610,0,0,0,0,0,False,False,Z
1245957,2008-12-25,LGA,ATL,FL,N959AT,318,1308,1256,1541,1513,1304,1504,0,0,0,0,0,False,False,Z
1245958,2008-12-25,ORD,LGA,AA,N593AA,370,1310,1305,1615,1553,1321,1545,0,0,0,0,0,False,False,Z
1245959,2008-12-25,LGA,DFW,AA,N524AA,745,1310,1333,1630,1636,1348,1627,0,0,0,0,0,False,False,Z
1245960,2008-12-25,DFW,LGA,AA,N471AA,732,1325,1327,1750,1724,1338,1720,0,0,0,0,0,False,False,Z
1245961,2008-12-25,MIA,LGA,AA,N5EMAA,2016,1325,1323,1620,1602,1338,1555,0,0,0,0,0,False,False,Z
1245962,2008-12-25,LGA,FLL,B6,N504JB,377,1325,1451,1624,1747,1507,1741,15,0,0,0,68,False,False,Z
1245963,2008-12-25,LGA,BOS,MQ,N709MQ,4811,1325,1322,1435,1427,1339,1416,0,0,0,0,0,False,False,Z
1245964,2008-12-25,LGA,MSP,NW,N339NW,563,1325,1327,1529,1551,1346,1539,0,0,22,0,0,False,False,Z
1245965,2008-12-25,IAD,LGA,YV,N27173,7147,1327,1322,1448,1423,1333,1412,0,0,0,0,0,False,False,Z
1245966,2008-12-25,LGA,DFW,AA,N454AA,751,1329,1340,1649,1641,1401,1634,0,0,0,0,0,False,False,Z
1245967,2008-12-25,LGA,CVG,9E,96059E,5877,1330,1330,1553,1544,1352,1535,0,0,0,0,0,False,False,Z
1245968,2008-12-25,LGA,BOS,DL,N910DE,1386,1330,1328,1442,1418,1335,1411,0,0,0,0,0,False,False,Z
1245969,2008-12-25,BOS,LGA,DL,N915DE,1387,1330,1329,1443,1430,1345,1426,0,0,0,0,0,False,False,Z
1245970,2008-12-25,IAH,LGA,CO,N37273,532,1337,1337,1800,1749,1350,1745,0,0,0,0,0,False,False,Z
1245971,2008-12-25,ATL,LGA,DL,N660DL,914,1340,1401,1554,1603,1416,1552,0,0,0,0,0,False,False,Z
1245972,2008-12-25,DTW,LGA,NW,N376NW,1224,1344,1356,1529,1524,1415,1518,0,0,0,0,0,False,False,Z
1245973,2008-12-25,LGA,DTW,MQ,N728MQ,4874,1345,1341,1555,1539,1357,1530,0,0,0,0,0,False,False,Z
1245974,2008-12-25,CID,LGA,MQ,N723MQ,4864,1350,1348,1715,1649,1357,1643,0,0,0,0,0,False,False,Z
1245975,2008-12-25,LGA,SAV,OH,N420CA,6689,1350,1345,1627,1600,1405,1555,0,0,0,0,0,False,False,Z
1245976,2008-12-25,LGA,ATL,DL,N902DE,919,1355,1356,1641,1611,1408,1606,0,0,0,0,0,False,False,Z
1245977,2008-12-25,ATL,LGA,FL,N949AT,362,1356,1352,1600,1550,1404,1540,0,0,0,0,0,False,False,Z
1245978,2008-12-25,LGA,ORD,AA,N287AA,333,1400,1400,1545,1551,1423,1531,0,0,0,0,0,False,False,Z
1245979,2008-12-25,ORD,LGA,UA,N570UA,684,1400,1400,1721,1642,1411,1635,0,0,0,0,0,False,False,Z
1245980,2008-12-25,LGA,ORD,UA,N339UA,683,1403,1403,1545,1547,1423,1537,0,0,0,0,0,False,False,Z
1245981,2008-12-25,ORD,LGA,AA,N575AA,366,1405,1412,1720,1657,1426,1649,0,0,0,0,0,False,False,Z
1245982,2008-12-25,LGA,MIA,AA,N5DPAA,1621,1405,1418,1715,1711,1433,1706,0,0,0,0,0,False,False,Z
1245983,2008-12-25,CAK,LGA,FL,N995AT,207,1405,1405,1527,1528,1415,1509,0,0,0,0,0,False,False,Z
1245984,2008-12-25,LGA,DFW,AA,N483AA,753,1415,1415,1730,1710,1429,1655,0,0,0,0,0,False,False,Z
1245985,2008-12-25,MCO,LGA,DL,N979DL,1486,1415,1413,1650,1629,1422,1623,0,0,0,0,0,False,False,Z
1245986,2008-12-25,MEM,LGA,NW,N926NW,632,1417,1412,1819,1801,1430,1733,0,0,0,0,0,False,False,Z
1245987,2008-12-25,LGA,PBI,DL,N952DL,1497,1420,1420,1736,1709,1438,1704,0,0,0,0,0,False,False,Z
1245988,2008-12-25,RIC,LGA,OH,N918CA,6748,1420,1420,1538,1530,1428,1522,0,0,0,0,0,False,False,Z
1245989,2008-12-25,CLT,LGA,US,N103US,1182,1426,1430,1614,1604,1444,1559,0,0,0,0,0,False,False,Z
1245990,2008-12-25,LGA,IAH,CO,N14629,133,1430,1431,1757,1737,1450,1721,0,0,0,0,0,False,False,Z
1245991,2008-12-25,DCA,LGA,DL,N958DL,1356,1430,1437,1540,1526,1450,1523,0,0,0,0,0,False,False,Z
1245992,2008-12-25,LGA,DCA,DL,N910DE,1357,1430,9999,1544,9999,9999,9999,9999,9999,9999,9999,9999,True,False,A
1245993,2008-12-25,LGA,TPA,DL,N916DE,1507,1430,1427,1744,1722,1452,1717,0,0,0,0,0,False,False,Z
1245994,2008-12-25,LGA,XNA,MQ,N712MQ,4825,1430,1425,1715,1651,1443,1648,0,0,0,0,0,False,False,Z
1245995,2008-12-25,LGA,CHS,OH,N809CA,6481,1430,1420,1659,1627,1448,1623,0,0,0,0,0,False,False,Z
1245996,2008-12-25,ATL,LGA,FL,N958AT,314,1431,1435,1633,1639,1447,1626,0,0,0,0,0,False,False,Z
1245997,2008-12-25,LGA,DEN,UA,N455UA,745,1434,1429,1710,1704,1441,1658,0,0,0,0,0,False,False,Z
1245998,2008-12-25,STL,LGA,AA,N550AA,1104,1440,1437,1800,1744,1448,1731,0,0,0,0,0,False,False,Z
1245999,2008-12-25,ATL,LGA,DL,N630DL,916,1440,1438,1700,1639,1455,1631,0,0,0,0,0,False,False,Z
1246000,2008-12-25,LGA,MCO,DL,N986DL,1451,1440,1441,1743,1718,1501,1712,0,0,0,0,0,False,False,Z
1246001,2008-12-25,LGA,CLT,US,N190UW,1437,1440,1438,1644,1635,1455,1619,0,0,0,0,0,False,False,Z
1246002,2008-12-25,PBI,LGA,DL,N921DL,1496,1445,1435,1736,1711,1449,1704,0,0,0,0,0,False,False,Z
1246003,2008-12-25,LGA,DFW,AA,N5DRAA,759,1450,1456,1800,1740,1510,1736,0,0,0,0,0,False,False,Z
1246004,2008-12-25,LGA,FLL,DL,N977DL,1461,1450,1516,1809,1807,1533,1803,0,0,0,0,0,False,False,Z
1246005,2008-12-25,LGA,MCO,B6,N656JB,395,1455,1445,1748,1727,1504,1718,0,0,0,0,0,False,False,Z
1246006,2008-12-25,IAH,LGA,CO,N19621,1532,1457,1454,1930,1917,1518,1912,0,0,0,0,0,False,False,Z
1246007,2008-12-25,LGA,RDU,MQ,N802MQ,4716,1459,1456,1645,1627,1512,1623,0,0,0,0,0,False,False,Z
1246008,2008-12-25,MIA,LGA,AA,N5EXAA,1530,1500,1517,1800,1759,1532,1754,0,0,0,0,0,False,False,Z
1246009,2008-12-25,CHS,LGA,OH,N595SW,6410,1500,1500,1702,1648,1511,1640,0,0,0,0,0,False,False,Z
1246010,2008-12-25,LGA,RIC,OH,N720SW,6493,1500,1458,1642,1619,1516,1611,0,0,0,0,0,False,False,Z
1246011,2008-12-25,LGA,ORD,UA,N454UA,685,1501,1544,1640,1720,1600,1707,16,0,0,0,24,False,False,Z
1246012,2008-12-25,DSM,LGA,9E,80199E,2851,1505,1448,1905,1837,1507,1802,0,0,0,0,0,False,False,Z
1246013,2008-12-25,FLL,LGA,DL,N953DL,1460,1505,1457,1808,1738,1509,1728,0,0,0,0,0,False,False,Z
1246014,2008-12-25,DEN,LGA,F9,N943FR,516,1505,1546,2048,2104,1606,2056,16,0,0,0,0,False,False,Z
1246015,2008-12-25,LGA,ORD,AA,N464AA,335,1510,1507,1650,1634,1521,1619,0,0,0,0,0,False,False,Z
1246016,2008-12-25,CMH,LGA,MQ,N716MQ,4857,1510,1504,1700,1621,1512,1617,0,0,0,0,0,False,False,Z
1246017,2008-12-25,MSP,LGA,NW,N343NW,186,1510,1523,1854,1844,1540,1835,0,0,0,0,0,False,False,Z
1246018,2008-12-25,DFW,LGA,AA,N4WXAA,738,1515,1509,1940,1901,1520,1858,0,0,0,0,0,False,False,Z
1246019,2008-12-25,TPA,LGA,DL,N933DL,1506,1515,1510,1758,1738,1520,1730,0,0,0,0,0,False,False,Z
1246020,2008-12-25,LGA,CLE,MQ,N826MQ,4887,1515,1509,1705,1639,1518,1634,0,0,0,0,0,False,False,Z
1246021,2008-12-25,LGA,IAD,YV,N27173,7147,1519,1514,1645,1657,1527,1617,0,0,0,0,0,False,False,Z
1246022,2008-12-25,ATL,LGA,FL,N965AT,500,1520,1526,1732,1717,1535,1713,0,0,0,0,0,False,False,Z
1246023,2008-12-25,LGA,PIT,MQ,N702MQ,4903,1520,1515,1700,1637,1530,1630,0,0,0,0,0,False,False,Z
1246024,2008-12-25,LGA,ATL,FL,N930AT,367,1529,1521,1804,1732,1531,1726,0,0,0,0,0,False,False,Z
1246025,2008-12-25,IND,LGA,9E,89369E,2175,1530,1526,1745,1718,1539,1701,0,0,0,0,0,False,False,Z
1246026,2008-12-25,LGA,BNA,AA,N450AA,1741,1530,1525,1705,1701,1545,1655,0,0,0,0,0,False,False,Z
1246027,2008-12-25,LGA,BOS,DL,N915DE,1390,1530,1530,1642,1620,1541,1613,0,0,0,0,0,False,False,Z
1246028,2008-12-25,BOS,LGA,DL,N958DL,1391,1530,9999,1643,9999,9999,9999,9999,9999,9999,9999,9999,True,False,A
1246029,2008-12-25,LGA,RSW,DL,N981DL,1501,1530,1525,1900,1830,1538,1825,0,0,0,0,0,False,False,Z
1246030,2008-12-25,LGA,CMH,MQ,N703MQ,4919,1535,1540,1730,1730,1601,1726,0,0,0,0,0,False,False,Z
1246031,2008-12-25,LGA,ORD,AA,N533AA,337,1540,1543,1735,1723,1602,1715,0,0,0,0,0,False,False,Z
1246032,2008-12-25,LGA,JAX,OH,N812CA,6779,1545,1545,1840,1825,1609,1820,0,0,0,0,0,False,False,Z
1246033,2008-12-25,LGA,PIT,US,N748UW,1260,1545,1532,1723,1655,1549,1649,0,0,0,0,0,False,False,Z
1246034,2008-12-25,CLE,LGA,XE,N17146,2128,1546,1544,1724,1705,1559,1657,0,0,0,0,0,False,False,Z
1246035,2008-12-25,DFW,LGA,AA,N3ABAA,740,1550,1552,2010,1950,1604,1943,0,0,0,0,0,False,False,Z
1246036,2008-12-25,LGA,ATL,DL,N622DL,923,1555,1602,1844,1823,1621,1815,0,0,0,0,0,False,False,Z
1246037,2008-12-25,LGA,RDU,MQ,N710MQ,4782,1600,1616,1750,1750,1632,1745,0,0,0,0,0,False,False,Z
1246038,2008-12-25,DEN,LGA,UA,N418UA,406,1605,1612,2148,2119,1622,2114,0,0,0,0,0,False,False,Z
1246039,2008-12-25,LGA,ORD,UA,N802UA,687,1605,1601,1744,1735,1611,1721,0,0,0,0,0,False,False,Z
1246040,2008-12-25,ORD,LGA,UA,N849UA,688,1605,1610,1927,1848,1621,1845,0,0,0,0,0,False,False,Z
1246041,2008-12-25,PBI,LGA,AA,N523AA,1620,1606,1554,1900,1826,1606,1822,0,0,0,0,0,False,False,Z
1246042,2008-12-25,MIA,LGA,AA,N3BYAA,592,1610,1627,1915,1905,1639,1901,0,0,0,0,0,False,False,Z
1246043,2008-12-25,LGA,MIA,AA,N5EKAA,1559,1610,1632,1920,1954,1652,1922,22,0,12,0,0,False,False,Z
1246044,2008-12-25,CLT,LGA,US,N110UW,1490,1610,1610,1803,1742,1623,1738,0,0,0,0,0,False,False,Z
1246045,2008-12-25,ORD,LGA,AA,N5CRAA,358,1615,1624,1929,1913,1637,1903,0,0,0,0,0,False,False,Z
1246046,2008-12-25,GSO,LGA,OH,N811CA,6580,1615,1615,1805,1730,1620,1725,0,0,0,0,0,False,False,Z
1246047,2008-12-25,LGA,DFW,AA,N546AA,763,1620,1629,1945,1920,1656,1917,0,0,0,0,0,False,False,Z
1246048,2008-12-25,IAH,LGA,CO,N18622,632,1620,1618,2058,2047,1643,2039,0,0,0,0,0,False,False,Z
1246049,2008-12-25,DTW,LGA,MQ,N728MQ,4876,1620,1613,1815,1736,1622,1726,0,0,0,0,0,False,False,Z
1246050,2008-12-25,LGA,FLL,B6,N708JB,381,1625,1626,1931,1920,1643,1916,0,0,0,0,0,False,False,Z
1246051,2008-12-25,LGA,CVG,OH,N597SW,6373,1626,1626,1853,1849,1700,1847,0,0,0,0,0,False,False,Z
1246052,2008-12-25,LGA,DTW,NW,N376NW,543,1629,1626,1836,1820,1643,1813,0,0,0,0,0,False,False,Z
1246053,2008-12-25,DCA,LGA,DL,N910DE,1360,1630,9999,1739,9999,9999,9999,9999,9999,9999,9999,9999,True,False,A
1246054,2008-12-25,LGA,DCA,DL,N958DL,1361,1630,1628,1745,1724,1638,1721,0,0,0,0,0,False,False,Z
1246055,2008-12-25,LGA,MEM,NW,N316NB,631,1630,1629,1839,1821,1650,1815,0,0,0,0,0,False,False,Z
1246056,2008-12-25,BOS,LGA,MQ,N725MQ,4823,1635,1753,1759,1903,1818,1856,12,0,0,0,52,False,False,Z
1246057,2008-12-25,LGA,ORD,AA,N514AA,341,1640,1638,1830,1819,1659,1804,0,0,0,0,0,False,False,Z
1246058,2008-12-25,CVG,LGA,OH,N685BR,6502,1650,1650,1859,1842,1703,1824,0,0,0,0,0,False,False,Z
1246059,2008-12-25,LGA,ATL,DL,N660DL,925,1655,1709,1946,1932,1727,1920,0,0,0,0,0,False,False,Z
1246060,2008-12-25,LGA,RDU,MQ,N809MQ,4720,1659,1649,1845,1818,1702,1815,0,0,0,0,0,False,False,Z
1246061,2008-12-25,LGA,RDU,OH,N918CA,6467,1659,1655,1857,1900,1724,1855,0,0,0,0,0,False,False,Z
1246062,2008-12-25,LGA,IAH,CO,N87513,1433,1700,1703,2013,1947,1712,1933,0,0,0,0,0,False,False,Z
1246063,2008-12-25,RDU,LGA,MQ,N836MQ,4735,1700,1701,1845,1821,1713,1811,0,0,0,0,0,False,False,Z
1246064,2008-12-25,LGA,CLT,US,N103US,1627,1700,1701,1909,1852,1719,1848,0,0,0,0,0,False,False,Z
1246065,2008-12-25,DTW,LGA,NW,N319US,1226,1703,1659,1900,1841,1722,1828,0,0,0,0,0,False,False,Z
1246066,2008-12-25,MSP,LGA,NW,N313US,514,1705,1803,2050,2119,1817,2110,29,0,0,0,0,False,False,Z
1246067,2008-12-25,LGA,MKE,FL,N949AT,327,1709,1707,1824,1835,1721,1827,0,0,0,0,0,False,False,Z
1246068,2008-12-25,LGA,ORD,UA,N826UA,689,1714,1710,1853,1851,1725,1835,0,0,0,0,0,False,False,Z
1246069,2008-12-25,DFW,LGA,AA,N524AA,744,1725,1731,2150,2132,1745,2128,0,0,0,0,0,False,False,Z
1246070,2008-12-25,PIT,LGA,MQ,N702MQ,4902,1725,1717,1900,1820,1728,1816,0,0,0,0,0,False,False,Z
1246071,2008-12-25,LGA,ORD,AA,N593AA,345,1729,1726,1919,1917,1736,1845,0,0,0,0,0,False,False,Z
1246072,2008-12-25,LGA,MIA,AA,N5EMAA,2011,1730,1728,2045,2023,1749,2012,0,0,0,0,0,False,False,Z
1246073,2008-12-25,PBI,LGA,B6,N641JB,364,1730,1734,2019,1959,1741,1956,0,0,0,0,0,False,False,Z
1246074,2008-12-25,LGA,BOS,DL,N958DL,1394,1730,9999,1852,9999,9999,9999,9999,9999,9999,9999,9999,True,False,A
1246075,2008-12-25,BOS,LGA,DL,N915DE,1395,1730,1729,1846,1832,1747,1826,0,0,0,0,0,False,False,Z
1246076,2008-12-25,LGA,DEN,F9,N949FR,511,1730,1725,1955,2010,1743,2003,0,0,15,0,0,False,False,Z
1246077,2008-12-25,CLE,LGA,MQ,N826MQ,4828,1730,1721,1910,1835,1734,1831,0,0,0,0,0,False,False,Z
1246078,2008-12-25,LGA,MCO,DL,N979DL,1489,1735,1734,2040,2018,1803,2012,0,0,0,0,0,False,False,Z
1246079,2008-12-25,LGA,ATL,FL,N958AT,422,1735,1727,2014,1944,1740,1936,0,0,0,0,0,False,False,Z
1246080,2008-12-25,RDU,LGA,OH,N973CA,6630,1735,1730,1911,1850,1743,1843,0,0,0,0,0,False,False,Z
1246081,2008-12-25,ORD,LGA,AA,N431AA,352,1740,2012,2055,2256,2027,2251,121,0,0,0,0,False,False,Z
1246082,2008-12-25,ATL,LGA,DL,N935DL,922,1740,1739,2007,1935,1750,1928,0,0,0,0,0,False,False,Z
1246083,2008-12-25,XNA,LGA,MQ,N712MQ,4840,1740,1736,2140,2111,1747,2107,0,0,0,0,0,False,False,Z
1246084,2008-12-25,DFW,LGA,AA,N454AA,750,1745,1746,2205,2139,1756,2134,0,0,0,0,0,False,False,Z
1246085,2008-12-25,LGA,CHS,OH,N595SW,6771,1750,1750,2013,2015,1816,2000,0,0,0,0,0,False,False,Z
1246086,2008-12-25,MKE,LGA,FL,N977AT,514,1754,1755,2059,2051,1805,2041,0,0,0,0,0,False,False,Z
1246087,2008-12-25,BNA,LGA,AA,N450AA,1684,1755,1745,2059,2043,1758,2034,0,0,0,0,0,False,False,Z
1246088,2008-12-25,IAH,LGA,CO,N23707,1632,1755,1754,2219,2209,1815,2204,0,0,0,0,0,False,False,Z
1246089,2008-12-25,LGA,MSP,NW,N348NW,521,1755,1752,2009,2022,1806,2018,0,0,0,0,0,False,False,Z
1246090,2008-12-25,SAV,LGA,OH,N420CA,6660,1755,1745,2008,1945,1759,1935,0,0,0,0,0,False,False,Z
1246091,2008-12-25,LGA,CLE,XE,N17146,2130,1759,1752,1951,1932,1812,1926,0,0,0,0,0,False,False,Z
1246092,2008-12-25,LGA,ATL,DL,N630DL,927,1800,1817,2050,2050,1848,2042,0,0,0,0,0,False,False,Z
1246093,2008-12-25,LGA,DSM,MQ,N716MQ,4822,1800,1756,2020,2006,1808,2002,0,0,0,0,0,False,False,Z
1246094,2008-12-25,FLL,LGA,B6,N655JB,378,1805,1759,2102,2033,1813,2028,0,0,0,0,0,False,False,Z
1246095,2008-12-25,ORD,LGA,UA,N574UA,836,1805,1758,2126,2057,1821,2050,0,0,0,0,0,False,False,Z
1246096,2008-12-25,MCO,LGA,FL,N288AT,372,1815,1812,2043,2038,1824,2027,0,0,0,0,0,False,False,Z
1246097,2008-12-25,CLT,LGA,US,N170US,1630,1815,1819,2007,1943,1830,1939,0,0,0,0,0,False,False,Z
1246098,2008-12-25,PBI,LGA,DL,N952DL,1498,1820,1808,2111,2045,1824,2037,0,0,0,0,0,False,False,Z
1246099,2008-12-25,RDU,LGA,MQ,N851MQ,4775,1820,1808,2000,1932,1820,1921,0,0,0,0,0,False,False,Z
1246100,2008-12-25,LGA,FLL,DL,N921DL,1463,1821,1815,2138,2103,1832,2059,0,0,0,0,0,False,False,Z
1246101,2008-12-25,LGA,ORD,AA,N575AA,347,1825,1823,2015,1956,1833,1941,0,0,0,0,0,False,False,Z
1246102,2008-12-25,DFW,LGA,AA,N483AA,762,1825,1820,2245,2214,1830,2207,0,0,0,0,0,False,False,Z
1246103,2008-12-25,TPA,LGA,DL,N916DE,1508,1825,1816,2114,2042,1827,2035,0,0,0,0,0,False,False,Z
1246104,2008-12-25,MCO,LGA,DL,N986DL,1804,1825,1817,2103,2036,1827,2030,0,0,0,0,0,False,False,Z
1246105,2008-12-25,LGA,CMH,MQ,N833MQ,4855,1825,1822,2020,2007,1838,2003,0,0,0,0,0,False,False,Z
1246106,2008-12-25,LGA,GRR,9E,89369E,2151,1829,1824,2046,2028,1842,2025,0,0,0,0,0,False,False,Z
1246107,2008-12-25,ORD,LGA,AA,N533AA,350,1830,1828,2140,2124,1854,2120,0,0,0,0,0,False,False,Z
1246108,2008-12-25,MIA,LGA,AA,N5DPAA,1876,1830,1826,2130,2106,1843,2102,0,0,0,0,0,False,False,Z
1246109,2008-12-25,DCA,LGA,DL,N958DL,1364,1830,1822,1943,1912,1833,1907,0,0,0,0,0,False,False,Z
1246110,2008-12-25,LGA,DCA,DL,N940DL,1365,1830,1828,1943,1923,1839,1920,0,0,0,0,0,False,False,Z
1246111,2008-12-25,MSY,LGA,DL,N930DL,1490,1830,1823,2224,2239,1835,2158,0,0,15,0,0,False,False,Z
1246112,2008-12-25,ATL,LGA,DL,N686DA,924,1840,1841,2100,2204,2014,2153,0,0,64,0,0,False,False,Z
1246113,2008-12-25,MEM,LGA,NW,N330NW,634,1840,1839,2217,2200,1853,2148,0,0,0,0,0,False,False,Z
1246114,2008-12-25,LGA,IAH,CO,N37273,233,1845,1845,2151,2125,1856,2113,0,0,0,0,0,False,False,Z
1246115,2008-12-25,FLL,LGA,DL,N901DE,1462,1845,1839,2141,2116,1851,2109,0,0,0,0,0,False,False,Z
1246116,2008-12-25,LGA,TPA,DL,N933DL,1509,1845,1844,2156,2143,1908,2139,0,0,0,0,0,False,False,Z
1246117,2008-12-25,LGA,CAK,FL,N965AT,213,1846,1836,2030,2001,1846,1957,0,0,0,0,0,False,False,Z
1246118,2008-12-25,LGA,GSO,OH,N811CA,6691,1850,1845,2042,2020,1900,2016,0,0,0,0,0,False,False,Z
1246119,2008-12-25,MCO,LGA,B6,N569JB,396,1855,1855,2135,2116,1907,2113,0,0,0,0,0,False,False,Z
1246120,2008-12-25,IAH,LGA,CO,N14629,732,1855,1912,2320,2351,1950,2345,17,0,14,0,0,False,False,Z
1246121,2008-12-25,LGA,CLT,US,N110UW,1629,1855,1854,2104,2040,1911,2035,0,0,0,0,0,False,False,Z
1246122,2008-12-25,LGA,BNA,AA,N550AA,1551,1859,1847,2034,2017,1906,2012,0,0,0,0,0,False,False,Z
1246123,2008-12-25,LGA,IND,NW,N926NW,1053,1900,1848,2128,2115,1909,2106,0,0,0,0,0,False,False,Z
1246124,2008-12-25,DFW,LGA,AA,N619AA,766,1905,1903,2315,2310,1920,2302,0,0,0,0,0,False,False,Z
1246125,2008-12-25,LGA,DFW,AA,N471AA,787,1905,1859,2220,2152,1915,2146,0,0,0,0,0,False,False,Z
1246126,2008-12-25,JAX,LGA,OH,N812CA,6686,1910,1905,2137,2109,1917,2103,0,0,0,0,0,False,False,Z
1246127,2008-12-25,MSP,LGA,NW,N353NW,184,1915,1912,2259,2235,1931,2225,0,0,0,0,0,False,False,Z
1246128,2008-12-25,ORD,LGA,AA,N496AA,348,1920,1924,2229,2207,1937,2202,0,0,0,0,0,False,False,Z
1246129,2008-12-25,DTW,LGA,NW,N529US,538,1923,1923,2126,2055,1940,2045,0,0,0,0,0,False,False,Z
1246130,2008-12-25,LGA,BOS,MQ,N836MQ,4815,1925,1917,2035,2008,1929,2002,0,0,0,0,0,False,False,Z
1246131,2008-12-25,CVG,LGA,DL,N399DA,1218,1930,1927,2129,2059,1939,2052,0,0,0,0,0,False,False,Z
1246132,2008-12-25,LGA,PBI,DL,N953DL,1499,1930,1933,2241,2218,1948,2213,0,0,0,0,0,False,False,Z
1246133,2008-12-25,LGA,IAD,UA,N538UA,847,1930,1925,2055,2034,1936,2028,0,0,0,0,0,False,False,Z
1246134,2008-12-25,IND,LGA,9E,80309E,2173,1935,1925,2159,2109,1938,2101,0,0,0,0,0,False,False,Z
1246135,2008-12-25,LGA,FNT,9E,80199E,2552,1945,1912,2158,2114,1935,2111,0,0,0,0,0,False,False,Z
1246136,2008-12-25,LGA,CMH,MQ,N725MQ,4888,1950,1944,2145,2123,1957,2118,0,0,0,0,0,False,False,Z
1246137,2008-12-25,LGA,STL,AA,N523AA,2019,1959,1954,2149,2138,2006,2136,0,0,0,0,0,False,False,Z
1246138,2008-12-25,ORD,LGA,AA,N4UCAA,346,2000,1958,2310,2254,2019,2246,0,0,0,0,0,False,False,Z
1246139,2008-12-25,LGA,RDU,MQ,N826MQ,4736,2000,1953,2145,2125,2008,2120,0,0,0,0,0,False,False,Z
1246140,2008-12-25,LGA,MSP,NW,N343NW,519,2000,1949,2206,2215,2009,2202,0,0,0,0,0,False,False,Z
1246141,2008-12-25,LGA,DTW,NW,N319US,527,2000,1942,2209,2133,1954,2122,0,0,0,0,0,False,False,Z
1246142,2008-12-25,LGA,SAV,OH,N973CA,6757,2000,2000,2235,2217,2021,2210,0,0,0,0,0,False,False,Z
1246143,2008-12-25,CLT,LGA,US,N180US,1624,2000,2005,2153,2140,2022,2135,0,0,0,0,0,False,False,Z
1246144,2008-12-25,FLL,LGA,B6,N708JB,382,2015,2020,2301,2303,2037,2259,0,0,0,0,0,False,False,Z
1246145,2008-12-25,LGA,MIA,AA,N3BYAA,1709,2020,2019,2330,2254,2029,2250,0,0,0,0,0,False,False,Z
1246146,2008-12-25,MIA,LGA,AA,N613AA,1226,2025,2119,2315,2354,2134,2351,39,0,0,0,0,False,False,Z
1246147,2008-12-25,LGA,CLE,MQ,N702MQ,4891,2029,2019,2215,2145,2032,2142,0,0,0,0,0,False,False,Z
1246148,2008-12-25,ORD,LGA,AA,N5FRAA,336,2030,2037,2340,2327,2053,2321,0,0,0,0,0,False,False,Z
1246149,2008-12-25,LGA,MCO,DL,N906DL,1137,2030,2024,2329,2254,2038,2248,0,0,0,0,0,False,False,Z
1246150,2008-12-25,LGA,JAX,OH,N685BR,6773,2030,2020,2315,2250,2041,2245,0,0,0,0,0,False,False,Z
1246151,2008-12-25,ATL,LGA,DL,N660DL,18,2040,2040,2259,2239,2056,2234,0,0,0,0,0,False,False,Z
1246152,2008-12-25,LGA,DTW,MQ,N851MQ,4832,2050,2044,2255,2238,2054,2226,0,0,0,0,0,False,False,Z
1246153,2008-12-25,ORD,LGA,UA,N527UA,694,2055,2054,2358,2342,2113,2339,0,0,0,0,0,False,False,Z
1246154,2008-12-25,LGA,PBI,B6,N641JB,369,2100,2049,2347,2323,2101,2319,0,0,0,0,0,False,False,Z
1246155,2008-12-25,ATL,LGA,FL,N240AT,358,2100,2128,2304,2328,2142,2323,24,0,0,0,0,False,False,Z
1246156,2008-12-25,LGA,DFW,AA,N3ABAA,791,2115,2110,20,2345,2121,2340,0,0,0,0,0,False,False,Z
1246157,2008-12-25,DTW,LGA,NW,N369NW,534,2127,2130,2309,2258,2146,2253,0,0,0,0,0,False,False,Z
1246158,2008-12-25,ATL,LGA,DL,N615DL,930,2140,2140,2353,2346,2155,2333,0,0,0,0,0,False,False,Z
1246159,2008-12-25,LGA,FLL,B6,N655JB,383,2145,2143,31,19,2154,17,0,0,0,0,0,False,False,Z
1246160,2008-12-25,IAD,LGA,YV,N27191,7231,2157,2157,2322,2312,2231,2310,0,0,0,0,0,False,False,Z
1246161,2008-12-25,CLT,LGA,US,N717UW,1632,2200,2201,2343,2332,2210,2328,0,0,0,0,0,False,False,Z
1246162,2008-12-25,LGA,MSN,9E,80309E,2898,2239,2230,15,12,2255,8,0,0,0,0,0,False,False,Z
