FlightDate,Origin,Dest,Reporting_Airline,Tail_Number,Flight_Number_Reporting_Airline,CRSDepTime,DepTime,CRSArrTime,ArrTime,WheelsOff,WheelsOn,CarrierDelay,WeatherDelay,NASDelay,SecurityDelay,LateAircraftDelay,Cancelled,CancellationCode,Diverted,DivReachedDest,DivAirportLandings
2011-12-23,LGA,IAH,CO,N87527,1245,545,601,848,904,619,858,0,0,16,0,0,False,Z,False,,0
2011-12-23,BOS,LGA,DL,N960DL,1371,545,9999,700,9999,9999,9999,9999,9999,9999,9999,9999,True,A,False,,0
2011-12-23,CLE,LGA,MQ,N733MQ,4529,545,528,730,652,545,649,0,0,0,0,0,False,Z,False,,0
2011-12-23,LGA,ORD,AA,N553AA,301,600,559,740,745,622,727,0,0,0,0,0,False,Z,False,,0
2011-12-23,ORD,LGA,AA,N4YTAA,398,600,557,900,844,608,838,0,0,0,0,0,False,Z,False,,0
2011-12-23,LGA,MIA,AA,N5CFAA,1895,600,558,915,904,611,856,0,0,0,0,0,False,Z,False,,0
2011-12-23,LGA,FLL,B6,N561JB,371,600,607,857,911,629,908,0,0,0,0,0,False,Z,False,,0
2011-12-23,LGA,MDW,WN,N228WN,1496,600,600,730,735,628,730,0,0,0,0,0,False,Z,False,,0
2011-12-23,ORD,LGA,UA,N459UA,668,600,557,905,850,612,845,0,0,0,0,0,False,Z,False,,0
2011-12-23,LGA,ORD,UA,N485UA,795,600,554,730,719,612,709,0,0,0,0,0,False,Z,False,,0
2011-12-23,LGA,PHL,US,N954UW,1267,600,552,656,645,603,643,0,0,0,0,0,False,Z,False,,0
2011-12-23,BOS,LGA,US,N950UW,2115,600,553,711,708,603,702,0,0,0,0,0,False,Z,False,,0
2011-12-23,LGA,DTW,DL,N317NB,831,600,601,759,806,623,756,0,0,0,0,0,False,Z,False,,0
2011-12-23,LGA,ATL,DL,N662DN,1447,600,601,839,858,624,837,0,0,19,0,0,False,Z,False,,0
2011-12-23,LGA,ATL,FL,N997AT,359,600,554,815,817,605,810,0,0,0,0,0,False,Z,False,,0
2011-12-23,RDU,LGA,MQ,N716MQ,4455,600,548,735,709,610,706,0,0,0,0,0,False,Z,False,,0
2011-12-23,LGA,RDU,MQ,N719MQ,4518,600,556,740,741,618,737,0,0,0,0,0,False,Z,False,,0
2011-12-23,DTW,LGA,MQ,N723MQ,4570,600,555,750,725,606,716,0,0,0,0,0,False,Z,False,,0
2011-12-23,CMH,LGA,MQ,N503MQ,4643,600,553,745,720,609,713,0,0,0,0,0,False,Z,False,,0
2011-12-23,LGA,ATL,MQ,N543MQ,4650,600,556,825,831,617,827,0,0,0,0,0,False,Z,False,,0
2011-12-23,BNA,LGA,MQ,N532MQ,4667,600,607,910,853,616,847,0,0,0,0,0,False,Z,False,,0
2011-12-23,LGA,DFW,AA,N3FTAA,705,605,609,910,941,639,930,0,0,31,0,0,False,Z,False,,0
2011-12-23,MDW,LGA,WN,N729SW,887,605,614,930,912,630,906,0,0,0,0,0,False,Z,False,,0
2011-12-23,LGA,CLT,MQ,N9EAMQ,4576,605,604,805,817,626,813,0,0,0,0,0,False,Z,False,,0
2011-12-23,CLT,LGA,MQ,N544MQ,4581,605,601,759,734,618,731,0,0,0,0,0,False,Z,False,,0
2011-12-23,LGA,MSP,MQ,N505MQ,4599,605,603,805,816,633,813,0,0,0,0,0,False,Z,False,,0
2011-12-23,LGA,MSP,DL,N336NW,1919,607,610,815,814,635,809,0,0,0,0,0,False,Z,False,,0
2011-12-23,MIA,LGA,AA,N611AA,1114,610,621,855,857,634,852,0,0,0,0,0,False,Z,False,,0
2011-12-23,FLL,LGA,B6,N646JB,370,610,558,852,832,616,828,0,0,0,0,0,False,Z,False,,0
2011-12-23,DFW,LGA,AA,N537AA,700,615,607,1030,1030,621,1013,0,0,0,0,0,False,Z,False,,0
2011-12-23,CLT,LGA,US,N753US,1626,615,611,801,744,625,737,0,0,0,0,0,False,Z,False,,0
2011-12-23,CRW,LGA,MQ,N736MQ,4488,615,613,805,749,620,729,0,0,0,0,0,False,Z,False,,0
2011-12-23,CAK,LGA,FL,N989AT,715,625,615,749,727,623,721,0,0,0,0,0,False,Z,False,,0
2011-12-23,LGA,CLT,US,N192UW,1485,627,623,836,841,645,835,0,0,0,0,0,False,Z,False,,0
2011-12-23,LGA,MEM,DL,N363NW,1673,629,629,833,822,643,818,0,0,0,0,0,False,Z,False,,0
2011-12-23,LGA,FLL,DL,N360NW,1879,629,626,933,944,647,940,0,0,0,0,0,False,Z,False,,0
2011-12-23,LGA,DEN,F9,N943FR,513,629,635,902,856,652,849,0,0,0,0,0,False,Z,False,,0
2011-12-23,LGA,IAH,CO,N33714,1656,630,646,944,1003,655,954,0,0,19,0,0,False,Z,False,,0
2011-12-23,LGA,MKE,FL,N176AT,504,630,628,748,748,648,742,0,0,0,0,0,False,Z,False,,0
2011-12-23,MSP,LGA,MQ,N520MQ,4590,630,625,1015,952,645,944,0,0,0,0,0,False,Z,False,,0
2011-12-23,ATL,LGA,MQ,N519MQ,4652,635,629,845,823,649,817,0,0,0,0,0,False,Z,False,,0
2011-12-23,LGA,ORD,AA,N632AA,303,640,636,820,809,650,755,0,0,0,0,0,False,Z,False,,0
2011-12-23,ATL,LGA,DL,N6708D,1486,640,640,852,829,653,822,0,0,0,0,0,False,Z,False,,0
2011-12-23,XNA,LGA,MQ,N711MQ,4512,640,638,1045,1037,700,1012,0,0,0,0,0,False,Z,False,,0
2011-12-23,TPA,LGA,DL,N971DL,2135,649,644,929,920,657,900,0,0,0,0,0,False,Z,False,,0
2011-12-23,JAX,LGA,DL,N357NB,1682,650,654,912,859,706,844,0,0,0,0,0,False,Z,False,,0
2011-12-23,LGA,MCO,DL,N347NW,2285,650,650,943,939,707,931,0,0,0,0,0,False,Z,False,,0
2011-12-23,LGA,DFW,AA,N3CMAA,707,659,702,1009,1032,735,1028,0,0,23,0,0,False,Z,False,,0
2011-12-23,DFW,LGA,AA,N515AA,704,700,657,1120,1110,717,1052,0,0,0,0,0,False,Z,False,,0
2011-12-23,LGA,ORD,UA,N556UA,436,700,659,833,820,714,817,0,0,0,0,0,False,Z,False,,0
2011-12-23,LGA,BOS,US,N951UW,2116,700,653,810,805,720,754,0,0,0,0,0,False,Z,False,,0
2011-12-23,LGA,DCA,US,N755US,2163,700,700,809,812,722,808,0,0,0,0,0,False,Z,False,,0
2011-12-23,MSY,LGA,DL,N370NB,558,700,657,1049,1055,710,1022,0,0,0,0,0,False,Z,False,,0
2011-12-23,LGA,ATL,DL,N652DL,1547,700,658,944,936,719,927,0,0,0,0,0,False,Z,False,,0
2011-12-23,MCO,LGA,DL,N998DL,2276,700,655,937,948,710,914,0,0,0,0,0,False,Z,False,,0
2011-12-23,PBI,LGA,DL,N926DL,2358,700,658,954,947,715,927,0,0,0,0,0,False,Z,False,,0
2011-12-23,LGA,XNA,MQ,N738MQ,4534,700,730,940,1206,808,1204,9999,9999,9999,9999,9999,False,Z,True,True,1
2011-12-23,IAD,LGA,YV,N502MJ,3791,701,656,814,801,708,755,0,0,0,0,0,False,Z,False,,0
2011-12-23,ORD,LGA,UA,N850UA,536,705,702,1010,944,712,940,0,0,0,0,0,False,Z,False,,0
2011-12-23,LGA,DTW,DL,N976DL,1531,705,703,915,916,733,908,0,0,0,0,0,False,Z,False,,0
2011-12-23,LGA,ORD,AA,N4XAAA,305,710,706,855,843,726,835,0,0,0,0,0,False,Z,False,,0
2011-12-23,MSP,LGA,DL,N941DL,1996,710,705,1115,1043,718,1023,0,0,0,0,0,False,Z,False,,0
2011-12-23,ATL,LGA,FL,N959AT,360,710,705,918,855,718,849,0,0,0,0,0,False,Z,False,,0
2011-12-23,ORD,LGA,AA,N538AA,392,715,712,1020,1001,724,957,0,0,0,0,0,False,Z,False,,0
2011-12-23,LGA,ATL,FL,N944AT,363,715,709,935,946,728,938,0,0,0,0,0,False,Z,False,,0
2011-12-23,LGA,BWI,WN,N237WN,829,720,721,830,824,739,818,0,0,0,0,0,False,Z,False,,0
2011-12-23,LGA,TPA,DL,N937DL,2280,720,719,1034,1031,744,1025,0,0,0,0,0,False,Z,False,,0
2011-12-23,FLL,LGA,DL,N370NW,1498,721,738,1013,1023,754,1011,0,0,0,0,0,False,Z,False,,0
2011-12-23,LGA,MIA,AA,N3HPAA,1713,725,723,1045,1034,743,1025,0,0,0,0,0,False,Z,False,,0
2011-12-23,DTW,LGA,DL,N313US,1848,725,720,922,944,755,908,0,0,22,0,0,False,Z,False,,0
2011-12-23,LGA,IAH,CO,N16646,1135,729,723,1044,1045,748,1032,0,0,0,0,0,False,Z,False,,0
2011-12-23,LGA,ORD,UA,N432UA,459,730,745,905,909,809,904,0,0,0,0,0,False,Z,False,,0
2011-12-23,LGA,BOS,DL,N334NB,1372,730,726,842,837,755,828,0,0,0,0,0,False,Z,False,,0
2011-12-23,BOS,LGA,DL,N332NB,1375,730,729,846,839,741,835,0,0,0,0,0,False,Z,False,,0
2011-12-23,LGA,PBI,DL,N328NW,2395,730,730,1037,1031,752,1027,0,0,0,0,0,False,Z,False,,0
2011-12-23,PHF,LGA,FL,N971AT,783,730,723,845,841,748,836,0,0,0,0,0,False,Z,False,,0
2011-12-23,CLE,LGA,XE,N12563,4565,735,730,917,911,752,902,0,0,0,0,0,False,Z,False,,0
2011-12-23,LGA,PBI,B6,N587JB,363,739,736,1030,1034,758,1030,0,0,0,0,0,False,Z,False,,0
2011-12-23,IAH,LGA,CO,N37263,1189,740,736,1208,1129,754,1122,0,0,0,0,0,False,Z,False,,0
2011-12-23,ATL,LGA,DL,N388DA,1586,740,734,1000,1005,752,949,0,0,0,0,0,False,Z,False,,0
2011-12-23,MKE,LGA,FL,N936AT,501,744,744,1044,1106,756,1037,0,0,22,0,0,False,Z,False,,0
2011-12-23,LGA,STL,AA,N4WLAA,1855,750,750,935,949,812,945,0,0,0,0,0,False,Z,False,,0
2011-12-23,LGA,DFW,AA,N435AA,709,755,800,1110,1135,837,1129,0,0,25,0,0,False,Z,False,,0
2011-12-23,LGA,MSY,DL,N341NB,2006,755,752,1029,1026,804,1018,0,0,0,0,0,False,Z,False,,0
2011-12-23,LGA,DEN,UA,N579UA,561,759,801,1034,1015,816,1003,0,0,0,0,0,False,Z,False,,0
2011-12-23,DFW,LGA,AA,N3HMAA,708,800,812,1215,1159,824,1151,0,0,0,0,0,False,Z,False,,0
2011-12-23,LGA,ORD,UA,N821UA,449,800,813,935,944,830,941,0,0,0,0,0,False,Z,False,,0
2011-12-23,CLT,LGA,US,N162UW,1620,800,801,947,1010,819,955,0,0,22,0,1,False,Z,False,,0
2011-12-23,LGA,BOS,US,N950UW,2118,800,755,910,858,806,846,0,0,0,0,0,False,Z,False,,0
2011-12-23,BOS,LGA,US,,2119,800,9999,915,9999,9999,9999,9999,9999,9999,9999,9999,True,A,False,,0
2011-12-23,DCA,LGA,US,N764US,2162,800,753,914,948,817,858,0,0,34,0,0,False,Z,False,,0
2011-12-23,LGA,DCA,US,N745VJ,2165,800,755,913,909,810,907,0,0,0,0,0,False,Z,False,,0
2011-12-23,LGA,ATL,DL,N920DE,2047,800,758,1050,1048,826,1037,0,0,0,0,0,False,Z,False,,0
2011-12-23,LGA,FLL,DL,N376NW,2379,800,800,1115,1103,814,1100,0,0,0,0,0,False,Z,False,,0
2011-12-23,MKE,LGA,F9,N914FR,454,800,757,1115,1112,808,1050,0,0,0,0,0,False,Z,False,,0
2011-12-23,BNA,LGA,MQ,N728MQ,4476,800,955,1110,1248,1010,1242,98,0,0,0,0,False,Z,False,,0
2011-12-23,CLE,LGA,CO,N16701,1575,805,756,943,922,815,916,0,0,0,0,0,False,Z,False,,0
2011-12-23,MIA,LGA,AA,N635AA,1256,810,807,1100,1108,819,1035,0,0,0,0,0,False,Z,False,,0
2011-12-23,STL,LGA,AA,N482AA,2028,810,804,1135,1111,817,1103,0,0,0,0,0,False,Z,False,,0
2011-12-23,LGA,CLT,US,N180US,1733,810,807,1022,1006,819,959,0,0,0,0,0,False,Z,False,,0
2011-12-23,MCO,LGA,DL,N991DL,1526,810,805,1047,1041,818,1016,0,0,0,0,0,False,Z,False,,0
2011-12-23,LGA,MSP,DL,N904DL,2119,810,844,1031,1110,926,1102,34,0,5,0,0,False,Z,False,,0
2011-12-23,LGA,RDU,MQ,N716MQ,4401,810,801,955,946,818,940,0,0,0,0,0,False,Z,False,,0
2011-12-23,CLE,LGA,MQ,N535MQ,4664,810,759,955,942,825,921,0,0,0,0,0,False,Z,False,,0
2011-12-23,RDU,LGA,MQ,N719MQ,4519,815,814,1000,949,835,946,0,0,0,0,0,False,Z,False,,0
2011-12-23,IAD,LGA,YV,N505MJ,3726,817,832,930,942,843,934,0,0,0,0,0,False,Z,False,,0
2011-12-23,LGA,MIA,AA,N3GGAA,2015,820,814,1140,1128,834,1120,0,0,0,0,0,False,Z,False,,0
2011-12-23,LGA,CMH,MQ,N723MQ,4437,825,818,1025,1003,832,959,0,0,0,0,0,False,Z,False,,0
2011-12-23,LGA,BNA,MQ,N503MQ,4655,825,822,1000,957,841,952,0,0,0,0,0,False,Z,False,,0
2011-12-23,LGA,ORD,AA,N4YMAA,309,830,823,1020,959,852,950,0,0,0,0,0,False,Z,False,,0
2011-12-23,ORD,LGA,AA,N632AA,386,830,914,1130,1201,926,1154,31,0,0,0,0,False,Z,False,,0
2011-12-23,RSW,LGA,DL,N338NB,1044,830,826,1118,1103,840,1055,0,0,0,0,0,False,Z,False,,0
2011-12-23,MEM,LGA,DL,N348NB,1260,830,828,1207,1145,856,1141,0,0,0,0,0,False,Z,False,,0
2011-12-23,LGA,DEN,F9,N213FR,835,830,829,1103,1102,858,1051,0,0,0,0,0,False,Z,False,,0
2011-12-23,DTW,LGA,DL,N355NB,1748,835,828,1036,1011,846,1001,0,0,0,0,0,False,Z,False,,0
2011-12-23,CMH,LGA,MQ,N739MQ,4535,835,827,1030,1012,840,948,0,0,0,0,0,False,Z,False,,0
2011-12-23,LGA,CLE,MQ,N733MQ,4558,835,823,1020,1018,849,1014,0,0,0,0,0,False,Z,False,,0
2011-12-23,DEN,LGA,UA,N592UA,358,836,910,1414,1429,924,1426,15,0,0,0,0,False,Z,False,,0
2011-12-23,ATL,LGA,DL,N911DL,1686,840,840,1107,1112,909,1041,0,0,0,0,0,False,Z,False,,0
2011-12-23,LGA,ATL,FL,N989AT,373,840,832,1100,1111,857,1104,0,0,0,0,0,False,Z,False,,0
2011-12-23,MKE,LGA,FL,N961AT,507,840,835,1139,1156,850,1121,0,0,17,0,0,False,Z,False,,0
2011-12-23,LGA,ATL,MQ,N544MQ,4610,840,831,1115,1111,853,1104,0,0,0,0,0,False,Z,False,,0
2011-12-23,LGA,CLT,US,N753US,1429,845,839,1059,1108,917,1103,0,0,0,0,0,False,Z,False,,0
2011-12-23,CLT,LGA,MQ,N9EAMQ,4578,845,845,1029,1037,900,1007,0,0,0,0,0,False,Z,False,,0
2011-12-23,ATL,LGA,FL,N935AT,356,850,845,1058,1106,913,1045,0,0,0,0,0,False,Z,False,,0
2011-12-23,LGA,DTW,MQ,N736MQ,4478,850,850,1055,1118,935,1110,0,0,23,0,0,False,Z,False,,0
2011-12-23,MSP,LGA,MQ,N505MQ,4586,850,847,1230,1207,902,1202,0,0,0,0,0,False,Z,False,,0
2011-12-23,DFW,LGA,AA,N3BNAA,710,855,851,1310,1230,901,1226,0,0,0,0,0,False,Z,False,,0
2011-12-23,LGA,ORD,AA,N507AA,313,900,913,1055,1118,1003,1111,13,0,10,0,0,False,Z,False,,0
2011-12-23,LGA,DFW,AA,N478AA,713,900,916,1220,1341,1025,1336,16,0,65,0,0,False,Z,False,,0
2011-12-23,LGA,ORD,UA,N562UA,544,900,905,1040,1048,950,1046,0,0,0,0,0,False,Z,False,,0
2011-12-23,BOS,LGA,US,N951UW,2121,900,856,1020,1017,910,1009,0,0,0,0,0,False,Z,False,,0
2011-12-23,DCA,LGA,US,,2164,900,9999,1022,9999,9999,9999,9999,9999,9999,9999,9999,True,A,False,,0
2011-12-23,LGA,DCA,US,N751UW,2167,900,851,1023,1008,924,1006,0,0,0,0,0,False,Z,False,,0
2011-12-23,LGA,DTW,DL,N337NB,159,900,856,1109,1117,938,1111,0,0,0,0,0,False,Z,False,,0
2011-12-23,LGA,ATL,DL,N678DL,1747,900,856,1150,1223,1008,1210,0,0,33,0,0,False,Z,False,,0
2011-12-23,ORD,LGA,UA,N439UA,674,905,907,1210,1154,919,1148,0,0,0,0,0,False,Z,False,,0
2011-12-23,ATL,LGA,MQ,N543MQ,4651,905,900,1125,1110,923,1102,0,0,0,0,0,False,Z,False,,0
2011-12-23,LGA,IAD,YV,N502MJ,3791,910,905,1032,1036,938,1030,0,0,0,0,0,False,Z,False,,0
2011-12-23,LGA,RDU,MQ,N725MQ,4471,910,906,1105,1105,945,1102,0,0,0,0,0,False,Z,False,,0
2011-12-23,IAH,LGA,CO,N17719,1744,920,928,1353,1335,957,1329,0,0,0,0,0,False,Z,False,,0
2011-12-23,LGA,CLT,MQ,N518MQ,4582,925,945,1135,1227,1041,1223,20,0,32,0,0,False,Z,False,,0
2011-12-23,LGA,DFW,AA,N3HGAA,721,929,927,1244,1312,1014,1303,0,0,28,0,0,False,Z,False,,0
2011-12-23,LGA,ORD,UA,N428UA,521,930,926,1112,1138,1021,1122,0,0,26,0,0,False,Z,False,,0
2011-12-23,LGA,BOS,DL,N332NB,1376,930,927,1047,1053,1016,1047,0,0,0,0,0,False,Z,False,,0
2011-12-23,BOS,LGA,DL,N334NB,1379,930,929,1051,1030,939,1026,0,0,0,0,0,False,Z,False,,0
2011-12-23,BWI,LGA,WN,N764SW,1689,935,932,1050,1044,957,1030,0,0,0,0,0,False,Z,False,,0
2011-12-23,LGA,FLL,B6,N646JB,375,940,933,1249,1320,1035,1316,0,0,31,0,0,False,Z,False,,0
2011-12-23,ATL,LGA,DL,N659DL,1786,940,942,1203,1137,954,1125,0,0,0,0,0,False,Z,False,,0
2011-12-23,LGA,PHF,FL,N971AT,782,940,948,1104,1119,1020,1113,8,0,7,0,0,False,Z,False,,0
2011-12-23,FLL,LGA,B6,N561JB,372,944,954,1230,1220,1005,1214,0,0,0,0,0,False,Z,False,,0
2011-12-23,LGA,CLE,XE,N12563,4565,947,945,1138,1214,1046,1208,0,0,36,0,0,False,Z,False,,0
2011-12-23,LGA,MIA,AA,N611AA,1813,950,955,1305,1333,1051,1331,0,0,28,0,0,False,Z,False,,0
2011-12-23,LGA,ATL,MQ,N535MQ,4654,950,1020,1220,1323,1110,1320,0,30,33,0,0,False,Z,False,,0
2011-12-23,LGA,ORD,AA,N4YTAA,319,955,954,1140,1152,1044,1146,0,0,0,0,0,False,Z,False,,0
2011-12-23,ORD,LGA,AA,N4XAAA,382,955,954,1300,1237,1008,1234,0,0,0,0,0,False,Z,False,,0
2011-12-23,LGA,RSW,DL,N357NB,1085,955,954,1320,1355,1052,1349,0,0,35,0,0,False,Z,False,,0
2011-12-23,LGA,BNA,MQ,N520MQ,4670,955,1029,1125,1248,1132,1245,34,0,49,0,0,False,Z,False,,0
2011-12-23,LGA,DEN,UA,N566UA,405,1000,1006,1232,1247,1058,1238,0,0,15,0,0,False,Z,False,,0
2011-12-23,LGA,CLT,US,N764US,1177,1000,1018,1212,1311,1116,1300,0,0,41,0,18,False,Z,False,,0
2011-12-23,CLT,LGA,US,N538UW,1910,1000,1010,1151,1144,1030,1138,0,0,0,0,0,False,Z,False,,0
2011-12-23,LGA,BOS,US,,2122,1000,9999,1112,9999,9999,9999,9999,9999,9999,9999,9999,True,A,False,,0
2011-12-23,BOS,LGA,US,N950UW,2123,1000,953,1121,1102,1008,1055,0,0,0,0,0,False,Z,False,,0
2011-12-23,DCA,LGA,US,N745VJ,2166,1000,954,1119,1117,1020,1105,0,0,0,0,0,False,Z,False,,0
2011-12-23,LGA,ATL,DL,N6708D,1847,1000,1000,1246,1305,1053,1258,0,0,19,0,0,False,Z,False,,0
2011-12-23,DTW,LGA,DL,N976DL,2048,1000,956,1156,1121,1009,1113,0,0,0,0,0,False,Z,False,,0
2011-12-23,MSP,LGA,DL,N351NW,2096,1000,956,1340,1337,1032,1333,0,0,0,0,0,False,Z,False,,0
2011-12-23,DFW,LGA,AA,N3DVAA,712,1005,1046,1420,1428,1058,1424,0,0,0,0,0,False,Z,False,,0
2011-12-23,LGA,CAK,FL,N959AT,730,1007,1022,1148,1228,1111,1224,15,0,25,0,0,False,Z,False,,0
2011-12-23,LGA,IAD,YV,N505MJ,3790,1009,1014,1130,1155,1056,1151,0,0,20,0,5,False,Z,False,,0
2011-12-23,LGA,MDW,WN,N729SW,44,1010,1009,1145,1202,1100,1159,0,0,17,0,0,False,Z,False,,0
2011-12-23,LGA,TPA,DL,N313US,1031,1010,1023,1318,1414,1128,1408,0,0,43,0,13,False,Z,False,,0
2011-12-23,XNA,LGA,MQ,N738MQ,4573,1010,1242,1410,1618,1256,1612,5,0,0,0,123,False,Z,False,,0
2011-12-23,FLL,LGA,DL,N360NW,1598,1012,1033,1302,1300,1046,1253,0,0,0,0,0,False,Z,False,,0
2011-12-23,MIA,LGA,AA,N5CFAA,1124,1015,1013,1310,1251,1034,1246,0,0,0,0,0,False,Z,False,,0
2011-12-23,MDW,LGA,WN,N711HK,1945,1015,1012,1320,1253,1019,1249,0,0,0,0,0,False,Z,False,,0
2011-12-23,LGA,MSP,DL,N971DL,2319,1015,1011,1230,1253,1113,1248,0,0,23,0,0,False,Z,False,,0
2011-12-23,ATL,LGA,FL,N993AT,368,1015,1004,1231,1207,1029,1158,0,0,0,0,0,False,Z,False,,0
2011-12-23,LGA,MCO,DL,N998DL,1885,1025,1030,1331,1352,1135,1346,0,0,21,0,0,False,Z,False,,0
2011-12-23,LGA,IAH,CO,N16701,1575,1028,1020,1345,1404,1103,1359,0,0,19,0,0,False,Z,False,,0
2011-12-23,LGA,DFW,AA,N3FJAA,731,1030,1024,1340,1417,1108,1400,0,0,37,0,0,False,Z,False,,0
2011-12-23,FLL,LGA,B6,N552JB,384,1030,1030,1319,1258,1041,1250,0,0,0,0,0,False,Z,False,,0
2011-12-23,LGA,ORD,UA,N459UA,758,1030,1028,1208,1246,1130,1233,0,0,38,0,0,False,Z,False,,0
2011-12-23,RDU,LGA,MQ,N716MQ,4402,1030,1017,1205,1138,1039,1134,0,0,0,0,0,False,Z,False,,0
2011-12-23,STL,LGA,AA,N4WLAA,1030,1035,1034,1400,1331,1043,1328,0,0,0,0,0,False,Z,False,,0
2011-12-23,IAH,LGA,CO,N14645,1196,1035,1028,1504,1450,1054,1442,0,0,0,0,0,False,Z,False,,0
2011-12-23,LGA,RDU,MQ,N722MQ,4461,1035,1127,1220,1329,1202,1323,0,0,17,0,52,False,Z,False,,0
2011-12-23,BNA,LGA,MQ,N503MQ,4656,1035,1033,1340,1315,1042,1309,0,0,0,0,0,False,Z,False,,0
2011-12-23,LGA,FLL,DL,N926DL,1043,1039,1036,1400,1429,1149,1425,0,0,29,0,0,False,Z,False,,0
2011-12-23,ATL,LGA,DL,N652DL,1886,1040,1039,1257,1238,1103,1232,0,0,0,0,0,False,Z,False,,0
2011-12-23,DEN,LGA,F9,N205FR,510,1045,1126,1627,1703,1143,1647,36,0,0,0,0,False,Z,False,,0
2011-12-23,LGA,MEM,DL,N370NW,1573,1053,1112,1300,1343,1153,1338,9,0,24,0,10,False,Z,False,,0
2011-12-23,ORD,LGA,AA,N480AA,378,1055,1115,1400,1359,1127,1355,0,0,0,0,0,False,Z,False,,0
2011-12-23,DEN,LGA,UA,N575UA,310,1055,1109,1629,1636,1127,1633,0,0,0,0,0,False,Z,False,,0
2011-12-23,CLE,LGA,MQ,N733MQ,4510,1055,1046,1240,1213,1107,1208,0,0,0,0,0,False,Z,False,,0
2011-12-23,LGA,DTW,MQ,N519MQ,4621,1055,1055,1300,1312,1137,1306,0,0,0,0,0,False,Z,False,,0
2011-12-23,LGA,ORD,UA,N850UA,431,1100,1110,1238,1256,1145,1244,0,0,18,0,0,False,Z,False,,0
2011-12-23,ORD,LGA,UA,N840UA,678,1100,1054,1405,1342,1109,1339,0,0,0,0,0,False,Z,False,,0
2011-12-23,LGA,BOS,US,N951UW,2124,1100,1059,1211,1220,1140,1213,0,0,0,0,0,False,Z,False,,0
2011-12-23,DCA,LGA,US,N751UW,2168,1100,1053,1211,1152,1111,1146,0,0,0,0,0,False,Z,False,,0
2011-12-23,LGA,DCA,US,,2171,1100,9999,1216,9999,9999,9999,9999,9999,9999,9999,9999,True,A,False,,0
2011-12-23,LGA,ATL,DL,N388DA,1647,1100,1059,1342,1414,1155,1404,0,0,32,0,0,False,Z,False,,0
2011-12-23,CMH,LGA,MQ,N723MQ,4526,1100,1217,1300,1338,1231,1331,38,0,0,0,0,False,Z,False,,0
2011-12-23,MCO,LGA,DL,N354NW,2076,1107,1112,1340,1327,1127,1321,0,0,0,0,0,False,Z,False,,0
2011-12-23,LGA,ORD,AA,N538AA,327,1115,1206,1300,1353,1238,1344,51,0,2,0,0,False,Z,False,,0
2011-12-23,DFW,LGA,AA,N3CMAA,720,1115,1129,1529,1510,1140,1505,0,0,0,0,0,False,Z,False,,0
2011-12-23,LGA,DFW,AA,N537AA,739,1115,1124,1430,1524,1159,1515,0,0,54,0,0,False,Z,False,,0
2011-12-23,PBI,LGA,B6,N587JB,362,1115,1127,1400,1355,1140,1349,0,0,0,0,0,False,Z,False,,0
2011-12-23,TPA,LGA,DL,N937DL,2280,1115,1117,1357,1333,1126,1327,0,0,0,0,0,False,Z,False,,0
2011-12-23,LGA,DTW,DL,N355NB,181,1116,1114,1324,1329,1159,1325,0,0,0,0,0,False,Z,False,,0
2011-12-23,LGA,CLT,US,N162UW,1085,1120,1115,1326,1342,1152,1338,0,0,16,0,0,False,Z,False,,0
2011-12-23,PBI,LGA,DL,N328NW,2395,1122,1122,1409,1358,1136,1348,0,0,0,0,0,False,Z,False,,0
2011-12-23,LGA,BWI,WN,N764SW,1776,1125,1126,1240,1246,1204,1244,0,0,0,0,0,False,Z,False,,0
2011-12-23,LGA,ATL,FL,N936AT,361,1129,1146,1401,1425,1215,1420,0,0,7,0,17,False,Z,False,,0
2011-12-23,LGA,CLE,MQ,N739MQ,4553,1129,1122,1330,1321,1157,1318,0,0,0,0,0,False,Z,False,,0
2011-12-23,LGA,BOS,DL,N334NB,1380,1130,1125,1239,1236,1157,1229,0,0,0,0,0,False,Z,False,,0
2011-12-23,BOS,LGA,DL,N332NB,1383,1130,1124,1250,1234,1146,1228,0,0,0,0,0,False,Z,False,,0
2011-12-23,MSP,LGA,DL,N355NW,1796,1130,1132,1511,1540,1233,1534,0,0,29,0,0,False,Z,False,,0
2011-12-23,DTW,LGA,MQ,N736MQ,4477,1130,1154,1330,1320,1207,1316,0,0,0,0,0,False,Z,False,,0
2011-12-23,LGA,MSP,DL,N991DL,2219,1132,1129,1345,1345,1207,1341,0,0,0,0,0,False,Z,False,,0
2011-12-23,LGA,PBI,DL,N370NB,1174,1135,1131,1441,1444,1208,1441,0,0,0,0,0,False,Z,False,,0
2011-12-23,IAH,LGA,CO,N27733,1204,1139,1146,1559,1558,1202,1546,0,0,0,0,0,False,Z,False,,0
2011-12-23,MIA,LGA,AA,N3HPAA,2088,1140,1134,1435,1414,1159,1410,0,0,0,0,0,False,Z,False,,0
2011-12-23,CLT,LGA,US,N171US,938,1140,1139,1336,1323,1210,1317,0,0,0,0,0,False,Z,False,,0
2011-12-23,ATL,LGA,DL,N920DE,1986,1140,1136,1359,1352,1211,1345,0,0,0,0,0,False,Z,False,,0
2011-12-23,ATL,LGA,FL,N989AT,719,1140,1151,1342,1341,1205,1338,0,0,0,0,0,False,Z,False,,0
2011-12-23,RDU,LGA,MQ,N725MQ,4474,1140,1205,1330,1319,1219,1314,0,0,0,0,0,False,Z,False,,0
2011-12-23,LGA,MKE,FL,N935AT,500,1143,1139,1304,1318,1212,1312,0,0,0,0,0,False,Z,False,,0
2011-12-23,MSY,LGA,DL,N341NB,2006,1145,1135,1533,1522,1152,1500,0,0,0,0,0,False,Z,False,,0
2011-12-23,LGA,MSP,MQ,N9EAMQ,4591,1150,1145,1345,1346,1213,1344,0,0,0,0,0,False,Z,False,,0
2011-12-23,LGA,CMH,MQ,N711MQ,4542,1155,1148,1345,1351,1215,1346,0,0,0,0,0,False,Z,False,,0
2011-12-23,ATL,LGA,MQ,N544MQ,4668,1155,1150,1410,1355,1217,1352,0,0,0,0,0,False,Z,False,,0
2011-12-23,LGA,MKE,F9,N914FR,371,1159,1211,1321,1333,1234,1327,0,0,0,0,0,False,Z,False,,0
2011-12-23,DFW,LGA,AA,N435AA,728,1200,1229,1620,1607,1241,1604,0,0,0,0,0,False,Z,False,,0
2011-12-23,LGA,MIA,AA,N635AA,2093,1200,1155,1515,1508,1220,1502,0,0,0,0,0,False,Z,False,,0
2011-12-23,LGA,BOS,US,N950UW,2126,1200,1156,1307,1301,1221,1255,0,0,0,0,0,False,Z,False,,0
2011-12-23,BOS,LGA,US,N949UW,2127,1200,1147,1314,1301,1206,1256,0,0,0,0,0,False,Z,False,,0
2011-12-23,LGA,DCA,US,N745VJ,2173,1200,1154,1312,1306,1217,1304,0,0,0,0,0,False,Z,False,,0
2011-12-23,LGA,MCO,DL,N941DL,1785,1200,1200,1505,1511,1235,1503,0,0,0,0,0,False,Z,False,,0
2011-12-23,LGA,ATL,DL,N911DL,1947,1200,1156,1444,1441,1224,1435,0,0,0,0,0,False,Z,False,,0
2011-12-23,BNA,LGA,MQ,N520MQ,4653,1200,1315,1510,1553,1324,1550,0,0,0,0,43,False,Z,False,,0
2011-12-23,LGA,STL,AA,N515AA,1757,1205,1200,1350,1356,1233,1351,0,0,0,0,0,False,Z,False,,0
2011-12-23,LGA,RSW,DL,N338NB,1093,1205,1204,1526,1530,1237,1523,0,0,0,0,0,False,Z,False,,0
2011-12-23,LGA,ATL,MQ,N539MQ,4658,1205,1159,1435,1443,1226,1436,0,0,0,0,0,False,Z,False,,0
2011-12-23,DTW,LGA,DL,N325NB,1948,1209,1204,1359,1332,1217,1326,0,0,0,0,0,False,Z,False,,0
2011-12-23,ORD,LGA,AA,N4WMAA,374,1210,1207,1515,1449,1219,1445,0,0,0,0,0,False,Z,False,,0
2011-12-23,CLE,LGA,XE,N14916,4709,1210,1210,1352,1352,1239,1347,0,0,0,0,0,False,Z,False,,0
2011-12-23,CLT,LGA,MQ,N518MQ,4583,1215,1255,1410,1420,1313,1417,0,0,0,0,0,False,Z,False,,0
2011-12-23,IAD,LGA,EV,N832AS,5717,1225,1224,1345,1329,1248,1324,0,0,0,0,0,False,Z,False,,0
2011-12-23,LGA,CAK,FL,N961AT,716,1227,1228,1400,1425,1248,1402,0,0,24,0,1,False,Z,False,,0
2011-12-23,CAK,LGA,FL,N959AT,735,1228,1255,1348,1401,1302,1358,0,0,0,0,0,False,Z,False,,0
2011-12-23,LGA,DFW,AA,N482AA,743,1230,1226,1545,1608,1250,1601,0,0,23,0,0,False,Z,False,,0
2011-12-23,FLL,LGA,DL,N376NW,1698,1231,1225,1530,1501,1244,1457,0,0,0,0,0,False,Z,False,,0
2011-12-23,LGA,ORD,AA,N632AA,329,1235,1303,1410,1428,1315,1419,8,0,0,0,10,False,Z,False,,0
2011-12-23,FLL,LGA,B6,N523JB,376,1239,1355,1530,1629,1413,1624,52,0,0,0,7,False,Z,False,,0
2011-12-23,MIA,LGA,AA,N3GGAA,2016,1240,1238,1535,1512,1251,1507,0,0,0,0,0,False,Z,False,,0
2011-12-23,ATL,LGA,DL,N960DL,2086,1240,1254,1503,1443,1307,1437,0,0,0,0,0,False,Z,False,,0
2011-12-23,LGA,DTW,DL,N976DL,1131,1243,1234,1450,1433,1255,1424,0,0,0,0,0,False,Z,False,,0
2011-12-23,LGA,MSY,DL,N348NB,1705,1255,1250,1529,1525,1306,1519,0,0,0,0,0,False,Z,False,,0
2011-12-23,RDU,LGA,MQ,N722MQ,4464,1255,1409,1440,1525,1428,1523,6,0,0,0,39,False,Z,False,,0
2011-12-23,ORD,LGA,UA,N847UA,682,1300,1259,1605,1542,1312,1539,0,0,0,0,0,False,Z,False,,0
2011-12-23,BOS,LGA,US,N951UW,2129,1300,1252,1425,1421,1329,1415,0,0,0,0,0,False,Z,False,,0
2011-12-23,DCA,LGA,US,,2172,1300,9999,1425,9999,9999,9999,9999,9999,9999,9999,9999,True,A,False,,0
2011-12-23,LGA,DCA,US,N751UW,2175,1300,1256,1408,1400,1308,1357,0,0,0,0,0,False,Z,False,,0
2011-12-23,LGA,ATL,DL,N659DL,781,1300,1258,1542,1536,1323,1531,0,0,0,0,0,False,Z,False,,0
2011-12-23,LGA,BNA,MQ,N543MQ,4601,1300,1258,1425,1446,1317,1441,0,0,21,0,0,False,Z,False,,0
2011-12-23,ATL,LGA,MQ,N535MQ,4657,1300,1351,1520,1539,1406,1532,0,0,0,0,19,False,Z,False,,0
2011-12-23,LGA,ORD,UA,N439UA,617,1301,1256,1439,1417,1311,1414,0,0,0,0,0,False,Z,False,,0
2011-12-23,LGA,DFW,AA,N3HMAA,745,1305,1259,1610,1615,1327,1609,0,0,0,0,0,False,Z,False,,0
2011-12-23,LGA,CLT,US,N538UW,1909,1305,1301,1509,1517,1320,1500,0,0,0,0,0,False,Z,False,,0
2011-12-23,ORD,LGA,AA,N595AA,370,1310,1302,1615,1546,1313,1540,0,0,0,0,0,False,Z,False,,0
2011-12-23,DFW,LGA,AA,N4WTAA,730,1310,1420,1729,1824,1437,1818,46,0,0,0,9,False,Z,False,,0
2011-12-23,LGA,ATL,FL,N993AT,355,1311,1301,1540,1527,1313,1518,0,0,0,0,0,False,Z,False,,0
2011-12-23,LGA,FLL,B6,N561JB,377,1315,1317,1620,1627,1340,1623,0,0,0,0,0,False,Z,False,,0
2011-12-23,LGA,IAH,CO,N37263,1189,1315,1309,1623,1621,1330,1615,0,0,0,0,0,False,Z,False,,0
2011-12-23,MKE,LGA,FL,N308AT,503,1315,1310,1613,1600,1318,1557,0,0,0,0,0,False,Z,False,,0
2011-12-23,ATL,LGA,FL,N985AT,366,1316,1314,1517,1456,1324,1453,0,0,0,0,0,False,Z,False,,0
2011-12-23,MSP,LGA,DL,N362NW,1496,1319,1316,1700,1637,1331,1631,0,0,0,0,0,False,Z,False,,0
2011-12-23,IAH,LGA,CO,N76519,1191,1325,1325,1749,1738,1348,1734,0,0,0,0,0,False,Z,False,,0
2011-12-23,LGA,BOS,DL,N332NB,1384,1330,1326,1443,1419,1341,1413,0,0,0,0,0,False,Z,False,,0
2011-12-23,BOS,LGA,DL,N334NB,1387,1330,1329,1448,1441,1355,1436,0,0,0,0,0,False,Z,False,,0
2011-12-23,LGA,CLE,MQ,N733MQ,4491,1330,1323,1515,1521,1348,1515,0,0,0,0,0,False,Z,False,,0
2011-12-23,DFW,LGA,AA,N3HGAA,732,1340,1414,1759,1803,1424,1754,0,0,0,0,0,False,Z,False,,0
2011-12-23,ATL,LGA,DL,N678DL,420,1340,1340,1600,1539,1355,1528,0,0,0,0,0,False,Z,False,,0
2011-12-23,LGA,MCO,DL,N360NW,1685,1345,1347,1645,1640,1403,1632,0,0,0,0,0,False,Z,False,,0
2011-12-23,LGA,RDU,MQ,N728MQ,4431,1345,1339,1530,1517,1359,1513,0,0,0,0,0,False,Z,False,,0
2011-12-23,DTW,LGA,MQ,N519MQ,4632,1345,1344,1550,1512,1355,1502,0,0,0,0,0,False,Z,False,,0
2011-12-23,LGA,MDW,WN,N711HK,334,1350,1349,1525,1511,1402,1505,0,0,0,0,0,False,Z,False,,0
2011-12-23,LGA,ORD,AA,N4XAAA,331,1359,1356,1549,1539,1415,1525,0,0,0,0,0,False,Z,False,,0
2011-12-23,LGA,DFW,AA,N3BNAA,753,1359,1402,1704,1731,1425,1724,0,0,27,0,0,False,Z,False,,0
2011-12-23,ORD,LGA,AA,N4WJAA,366,1400,1416,1700,1707,1429,1703,0,0,0,0,0,False,Z,False,,0
2011-12-23,ORD,LGA,UA,,684,1400,9999,1705,9999,9999,9999,9999,9999,9999,9999,9999,True,A,False,,0
2011-12-23,LGA,BOS,US,N949UW,2130,1400,1354,1506,1447,1413,1444,0,0,0,0,0,False,Z,False,,0
2011-12-23,BOS,LGA,US,N950UW,2131,1400,1347,1518,1452,1400,1448,0,0,0,0,0,False,Z,False,,0
2011-12-23,DCA,LGA,US,N745VJ,2174,1400,1357,1519,1454,1411,1449,0,0,0,0,0,False,Z,False,,0
2011-12-23,TPA,LGA,DL,N313US,914,1400,1459,1635,1726,1510,1720,3,0,0,0,48,False,Z,False,,0
2011-12-23,LGA,ATL,DL,N652DL,2247,1400,1400,1640,1633,1417,1623,0,0,0,0,0,False,Z,False,,0
2011-12-23,LGA,DTW,MQ,N736MQ,4564,1400,1350,1600,1613,1423,1603,0,0,0,0,0,False,Z,False,,0
2011-12-23,MIA,LGA,AA,N611AA,1360,1405,1434,1700,1702,1445,1659,0,0,0,0,0,False,Z,False,,0
2011-12-23,LGA,MIA,AA,N5CFAA,1729,1405,1356,1725,1715,1411,1652,0,0,0,0,0,False,Z,False,,0
2011-12-23,LGA,FLL,B6,N552JB,385,1405,1404,1709,1708,1418,1655,0,0,0,0,0,False,Z,False,,0
2011-12-23,RSW,LGA,DL,N357NB,1085,1405,1430,1652,1707,1444,1655,0,0,0,0,15,False,Z,False,,0
2011-12-23,LGA,CLT,MQ,N532MQ,4585,1405,1409,1605,1621,1438,1616,0,0,16,0,0,False,Z,False,,0
2011-12-23,MCO,LGA,DL,N998DL,1776,1415,1440,1650,1654,1453,1647,0,0,0,0,0,False,Z,False,,0
2011-12-23,MEM,LGA,DL,N345NB,2260,1415,1408,1753,1724,1423,1713,0,0,0,0,0,False,Z,False,,0
2011-12-23,LGA,CLE,XE,N14916,4709,1420,1422,1609,1611,1442,1606,0,0,0,0,0,False,Z,False,,0
2011-12-23,DTW,LGA,DL,N954DL,180,1420,1416,1622,1605,1449,1558,0,0,0,0,0,False,Z,False,,0
2011-12-23,LGA,MKE,FL,N989AT,508,1422,1420,1541,1536,1433,1530,0,0,0,0,0,False,Z,False,,0
2011-12-23,LGA,FLL,DL,N354NW,979,1425,1441,1736,1754,1510,1748,16,0,2,0,0,False,Z,False,,0
2011-12-23,LGA,MSP,DL,N351NW,1819,1425,1426,1635,1627,1446,1618,0,0,0,0,0,False,Z,False,,0
2011-12-23,LGA,MSP,MQ,N503MQ,4588,1425,1419,1625,1600,1430,1556,0,0,0,0,0,False,Z,False,,0
2011-12-23,DEN,LGA,UA,N564UA,373,1426,1424,2000,1947,1437,1943,0,0,0,0,0,False,Z,False,,0
2011-12-23,CLT,LGA,US,N172US,1182,1426,1423,1612,1551,1435,1545,0,0,0,0,0,False,Z,False,,0
2011-12-23,LGA,IAD,EV,N832AS,5717,1429,1426,1552,1546,1445,1542,0,0,0,0,0,False,Z,False,,0
2011-12-23,LGA,ATL,FL,N959AT,720,1429,1432,1700,1707,1454,1700,0,0,0,0,0,False,Z,False,,0
2011-12-23,ORD,LGA,AA,N561AA,360,1430,1433,1735,1716,1441,1712,0,0,0,0,0,False,Z,False,,0
2011-12-23,MSP,LGA,MQ,N9EAMQ,4592,1430,1426,1815,1743,1435,1740,0,0,0,0,0,False,Z,False,,0
2011-12-23,DFW,LGA,AA,N3CGAA,736,1435,1514,1855,1856,1525,1852,0,0,0,0,0,False,Z,False,,0
2011-12-23,CMH,LGA,MQ,N711MQ,4567,1435,1428,1625,1556,1437,1552,0,0,0,0,0,False,Z,False,,0
2011-12-23,LGA,IAH,CO,N17719,1258,1440,1433,1803,1809,1457,1757,0,0,0,0,0,False,Z,False,,0
2011-12-23,ATL,LGA,DL,N902DE,802,1440,1436,1656,1626,1450,1620,0,0,0,0,0,False,Z,False,,0
2011-12-23,CLE,LGA,MQ,N739MQ,4554,1440,1431,1620,1606,1444,1555,0,0,0,0,0,False,Z,False,,0
2011-12-23,LGA,MCO,B6,N587JB,393,1445,1447,1742,1735,1506,1731,0,0,0,0,0,False,Z,False,,0
2011-12-23,LGA,CLT,US,N171US,1529,1445,1439,1650,1658,1501,1646,0,0,0,0,0,False,Z,False,,0
2011-12-23,LGA,DTW,DL,N325NB,1231,1445,1442,1647,1643,1508,1635,0,0,0,0,0,False,Z,False,,0
2011-12-23,FLL,LGA,DL,N926DL,1798,1445,1514,1746,1755,1534,1747,0,0,0,0,0,False,Z,False,,0
2011-12-23,MDW,LGA,WN,N797MX,929,1450,1450,1800,1825,1459,1731,0,0,25,0,0,False,Z,False,,0
2011-12-23,IAD,LGA,EV,N832AS,5750,1451,1617,1611,1732,1647,1729,81,0,0,0,0,False,Z,False,,0
2011-12-23,LGA,TPA,DL,N937DL,1935,1454,1459,1810,1827,1540,1822,0,0,17,0,0,False,Z,False,,0
2011-12-23,ATL,LGA,FL,N963AT,354,1455,1505,1703,1709,1529,1701,0,0,0,0,0,False,Z,False,,0
2011-12-23,LGA,ORD,AA,N480AA,335,1500,1459,1655,1650,1527,1632,0,0,0,0,0,False,Z,False,,0
2011-12-23,LGA,STL,AA,N4WLAA,2223,1500,1455,1650,1650,1517,1642,0,0,0,0,0,False,Z,False,,0
2011-12-23,LGA,ORD,UA,N840UA,665,1500,1456,1638,1633,1517,1620,0,0,0,0,0,False,Z,False,,0
2011-12-23,LGA,BOS,US,N951UW,2132,1500,1452,1615,1559,1514,1556,0,0,0,0,0,False,Z,False,,0
2011-12-23,DCA,LGA,US,N751UW,2176,1500,1454,1621,1600,1513,1556,0,0,0,0,0,False,Z,False,,0
2011-12-23,LGA,DCA,US,,2179,1500,9999,1620,9999,9999,9999,9999,9999,9999,9999,9999,True,A,False,,0
2011-12-23,LGA,PBI,DL,N328NW,1902,1500,1454,1809,1804,1524,1757,0,0,0,0,0,False,Z,False,,0
2011-12-23,LGA,ATL,DL,N920DE,2347,1500,1455,1749,1803,1537,1750,0,0,0,0,0,False,Z,False,,0
2011-12-23,LGA,CMH,MQ,N725MQ,4429,1500,1500,1655,1707,1533,1703,0,0,0,0,0,False,Z,False,,0
2011-12-23,LGA,XNA,MQ,N738MQ,4525,1500,1710,1715,2012,1731,2007,22,0,47,0,108,False,Z,False,,0
2011-12-23,BNA,LGA,MQ,N543MQ,4602,1500,1519,1810,1814,1531,1808,0,0,0,0,0,False,Z,False,,0
2011-12-23,LGA,DEN,UA,N592UA,745,1504,1540,1736,1753,1603,1741,10,0,0,0,7,False,Z,False,,0
2011-12-23,ORD,LGA,UA,N425UA,686,1505,1504,1815,1803,1520,1755,0,0,0,0,0,False,Z,False,,0
2011-12-23,LGA,DFW,AA,N3DVAA,759,1510,1524,1825,1834,1551,1827,0,0,0,0,0,False,Z,False,,0
2011-12-23,MSP,LGA,DL,N340NB,2196,1515,1524,1858,1848,1532,1838,0,0,0,0,0,False,Z,False,,0
2011-12-23,ATL,LGA,MQ,N539MQ,4659,1515,1522,1745,1723,1546,1719,0,0,0,0,0,False,Z,False,,0
2011-12-23,LGA,MIA,AA,N3HPAA,825,1530,1532,1900,1859,1610,1851,0,0,0,0,0,False,Z,False,,0
2011-12-23,MCO,LGA,B6,N766JB,398,1530,1527,1800,1747,1539,1742,0,0,0,0,0,False,Z,False,,0
2011-12-23,BWI,LGA,WN,N750SA,1668,1530,1614,1640,1737,1648,1730,44,0,13,0,0,False,Z,False,,0
2011-12-23,LGA,BOS,DL,N334NB,1388,1530,1526,1644,1635,1554,1630,0,0,0,0,0,False,Z,False,,0
2011-12-23,BOS,LGA,DL,N332NB,1391,1530,1524,1651,1619,1537,1616,0,0,0,0,0,False,Z,False,,0
2011-12-23,LGA,ATL,MQ,N544MQ,4669,1530,1520,1805,1806,1549,1759,0,0,0,0,0,False,Z,False,,0
2011-12-23,DFW,LGA,AA,N584AA,738,1535,1607,2000,1955,1623,1949,0,0,0,0,0,False,Z,False,,0
2011-12-23,PBI,LGA,DL,N370NB,1174,1535,1528,1827,1758,1545,1751,0,0,0,0,0,False,Z,False,,0
2011-12-23,DTW,LGA,DL,N976DL,2248,1535,1643,1728,1818,1701,1810,50,0,0,0,0,False,Z,False,,0
2011-12-23,ATL,LGA,DL,N634DL,486,1540,1550,1759,1744,1603,1732,0,0,0,0,0,False,Z,False,,0
2011-12-23,MCO,LGA,DL,N941DL,1876,1550,1555,1828,1821,1608,1815,0,0,0,0,0,False,Z,False,,0
2011-12-23,CLE,LGA,MQ,N733MQ,4528,1550,1545,1735,1726,1556,1657,0,0,0,0,0,False,Z,False,,0
2011-12-23,IAH,LGA,CO,N24633,1004,1555,1550,2027,1958,1617,1951,0,0,0,0,0,False,Z,False,,0
2011-12-23,LGA,MSP,DL,N355NW,1619,1556,1626,1810,1820,1650,1816,0,0,0,0,0,False,Z,False,,0
2011-12-23,LGA,CLE,CO,N14645,1196,1559,1556,1751,1746,1622,1738,0,0,0,0,0,False,Z,False,,0
2011-12-23,LGA,ATL,FL,N985AT,367,1559,1548,1834,1831,1612,1822,0,0,0,0,0,False,Z,False,,0
2011-12-23,LGA,RDU,MQ,N719MQ,4447,1559,1551,1750,1743,1617,1738,0,0,0,0,0,False,Z,False,,0
2011-12-23,LGA,CLT,MQ,N535MQ,4579,1559,1612,1805,1820,1630,1806,0,0,2,0,13,False,Z,False,,0
2011-12-23,LGA,BNA,MQ,N511MQ,4622,1559,1554,1730,1733,1619,1728,0,0,0,0,0,False,Z,False,,0
2011-12-23,LGA,BOS,US,N950UW,2134,1600,1552,1715,1700,1613,1657,0,0,0,0,0,False,Z,False,,0
2011-12-23,BOS,LGA,US,N949UW,2135,1600,1551,1716,1702,1605,1657,0,0,0,0,0,False,Z,False,,0
2011-12-23,LGA,DCA,US,N745VJ,2181,1600,1553,1714,1700,1615,1657,0,0,0,0,0,False,Z,False,,0
2011-12-23,LGA,ATL,DL,N960DL,847,1600,1556,1848,1845,1625,1838,0,0,0,0,0,False,Z,False,,0
2011-12-23,ORD,LGA,UA,N432UA,688,1605,1621,1915,1907,1635,1903,0,0,0,0,0,False,Z,False,,0
2011-12-23,CVG,LGA,DL,N357NW,316,1605,1555,1803,1732,1606,1727,0,0,0,0,0,False,Z,False,,0
2011-12-23,RSW,LGA,DL,N338NB,1093,1610,1608,1858,1841,1623,1836,0,0,0,0,0,False,Z,False,,0
2011-12-23,CLT,LGA,US,N538UW,1490,1611,1607,1803,1745,1627,1738,0,0,0,0,0,False,Z,False,,0
2011-12-23,ORD,LGA,AA,N3AGAA,358,1615,1610,1930,1858,1623,1854,0,0,0,0,0,False,Z,False,,0
2011-12-23,MIA,LGA,AA,N635AA,1514,1615,1617,1915,1855,1630,1851,0,0,0,0,0,False,Z,False,,0
2011-12-23,DEN,LGA,UA,N581UA,406,1615,1614,2155,2134,1628,2130,0,0,0,0,0,False,Z,False,,0
2011-12-23,LGA,DTW,DL,N376NW,2231,1615,1610,1823,1809,1636,1802,0,0,0,0,0,False,Z,False,,0
2011-12-23,RDU,LGA,MQ,N728MQ,4434,1615,1609,1759,1730,1624,1724,0,0,0,0,0,False,Z,False,,0
2011-12-23,LGA,FLL,B6,N523JB,381,1619,1727,1926,2033,1745,2026,18,0,0,0,49,False,Z,False,,0
2011-12-23,LGA,DFW,AA,N3CMAA,763,1620,1613,1935,1946,1638,1936,0,0,0,0,0,False,Z,False,,0
2011-12-23,LGA,MEM,DL,N341NB,1473,1620,1615,1833,1850,1639,1835,0,0,17,0,0,False,Z,False,,0
2011-12-23,MKE,LGA,FL,N989AT,509,1621,1616,1919,1906,1624,1859,0,0,0,0,0,False,Z,False,,0
2011-12-23,DEN,LGA,F9,N209FR,516,1624,1705,2159,2245,1716,2234,41,0,5,0,0,False,Z,False,,0
2011-12-23,LGA,ORD,AA,N4WMAA,341,1630,1627,1825,1812,1644,1753,0,0,0,0,0,False,Z,False,,0
2011-12-23,DFW,LGA,AA,N473AA,742,1635,1633,2059,2013,1644,2010,0,0,0,0,0,False,Z,False,,0
2011-12-23,LGA,MIA,AA,N3GGAA,1559,1635,1626,2000,1939,1640,1918,0,0,0,0,0,False,Z,False,,0
2011-12-23,DTW,LGA,MQ,N736MQ,4565,1635,1639,1825,1813,1653,1803,0,0,0,0,0,False,Z,False,,0
2011-12-23,LGA,ATL,MQ,N519MQ,4661,1635,1630,1910,1903,1648,1857,0,0,0,0,0,False,Z,False,,0
2011-12-23,ATL,LGA,DL,N974DL,2386,1640,1652,1906,1919,1707,1841,0,0,0,0,0,False,Z,False,,0
2011-12-23,LGA,IAD,EV,N832AS,5750,1643,1800,1806,1911,1819,1907,0,0,0,0,65,False,Z,False,,0
2011-12-23,PHF,LGA,FL,N922AT,785,1645,1641,1759,1750,1656,1746,0,0,0,0,0,False,Z,False,,0
2011-12-23,CLT,LGA,MQ,N532MQ,4575,1645,1645,1845,1839,1708,1831,0,0,0,0,0,False,Z,False,,0
2011-12-23,CAK,LGA,FL,N964AT,717,1649,1641,1809,1752,1648,1749,0,0,0,0,0,False,Z,False,,0
2011-12-23,LGA,MKE,FL,N308AT,510,1659,1703,1826,1827,1724,1821,0,0,0,0,0,False,Z,False,,0
2011-12-23,LGA,IAH,CO,N27733,1229,1700,1656,2011,2008,1707,1959,0,0,0,0,0,False,Z,False,,0
2011-12-23,ORD,LGA,UA,N429UA,690,1700,1655,2010,1943,1709,1940,0,0,0,0,0,False,Z,False,,0
2011-12-23,LGA,ORD,UA,N847UA,764,1700,1656,1840,1826,1711,1815,0,0,0,0,0,False,Z,False,,0
2011-12-23,BOS,LGA,US,N951UW,2137,1700,1652,1820,1800,1704,1755,0,0,0,0,0,False,Z,False,,0
2011-12-23,DCA,LGA,US,N755US,2180,1700,1654,1823,1818,1722,1813,0,0,0,0,0,False,Z,False,,0
2011-12-23,LGA,DCA,US,N751UW,2183,1700,1656,1817,1806,1714,1802,0,0,0,0,0,False,Z,False,,0
2011-12-23,LGA,ATL,DL,N678DL,867,1700,1656,1948,1944,1721,1934,0,0,0,0,0,False,Z,False,,0
2011-12-23,DFW,LGA,AA,N3HMAA,744,1705,1732,2120,2116,1747,2113,0,0,0,0,0,False,Z,False,,0
2011-12-23,LGA,DFW,AA,N435AA,773,1705,1702,2025,2036,1725,2022,0,0,0,0,0,False,Z,False,,0
2011-12-23,LGA,CLT,US,N172US,1499,1705,1702,1913,1908,1717,1856,0,0,0,0,0,False,Z,False,,0
2011-12-23,LGA,ORD,AA,N595AA,345,1710,1718,1905,1857,1737,1849,0,0,0,0,0,False,Z,False,,0
2011-12-23,LGA,MCO,DL,N954DL,1585,1710,1708,2015,2006,1735,1959,0,0,0,0,0,False,Z,False,,0
2011-12-23,IAD,LGA,EV,N877AS,5687,1710,9999,1830,9999,9999,9999,9999,9999,9999,9999,9999,True,A,False,,0
2011-12-23,MSP,LGA,MQ,N503MQ,4589,1710,1705,2050,2019,1714,2014,0,0,0,0,0,False,Z,False,,0
2011-12-23,MSP,LGA,DL,N368NW,2296,1715,1712,2057,2037,1726,2024,0,0,0,0,0,False,Z,False,,0
2011-12-23,CLE,LGA,XE,N13978,4168,1717,1710,1854,1826,1717,1817,0,0,0,0,0,False,Z,False,,0
2011-12-23,ORD,LGA,AA,N529AA,352,1720,1715,2030,2001,1728,1955,0,0,0,0,0,False,Z,False,,0
2011-12-23,LGA,BWI,WN,N750SA,335,1720,1810,1840,1913,1825,1911,0,0,0,0,33,False,Z,False,,0
2011-12-23,LGA,CVG,DL,N313US,995,1720,1817,1944,2044,1841,2038,6,0,3,0,51,False,Z,False,,0
2011-12-23,DTW,LGA,DL,N911DE,1548,1725,1740,1920,1929,1800,1907,0,0,0,0,0,False,Z,False,,0
2011-12-23,PBI,LGA,B6,N562JB,364,1730,1754,2012,2026,1808,2015,0,0,0,0,0,False,Z,False,,0
2011-12-23,ORD,LGA,UA,N802UA,230,1730,1727,2040,2020,1741,2011,0,0,0,0,0,False,Z,False,,0
2011-12-23,LGA,DEN,UA,N575UA,509,1730,1736,2002,1938,1751,1930,0,0,0,0,0,False,Z,False,,0
2011-12-23,LGA,BOS,DL,N332NB,1392,1730,1728,1847,1821,1739,1816,0,0,0,0,0,False,Z,False,,0
2011-12-23,BOS,LGA,DL,N334NB,1395,1730,1724,1851,1840,1745,1834,0,0,0,0,0,False,Z,False,,0
2011-12-23,LGA,DEN,F9,N205FR,511,1730,1757,2000,2012,1820,2004,0,0,0,0,0,False,Z,False,,0
2011-12-23,LGA,CLE,MQ,N739MQ,4522,1730,1717,1910,1856,1733,1849,0,0,0,0,0,False,Z,False,,0
2011-12-23,CMH,LGA,MQ,N725MQ,4557,1730,1739,1920,1901,1746,1857,0,0,0,0,0,False,Z,False,,0
2011-12-23,LGA,FLL,DL,N998DL,2079,1735,1810,2053,2121,1831,2116,25,0,0,0,3,False,Z,False,,0
2011-12-23,STL,LGA,AA,N4WLAA,652,1740,1734,2059,2035,1744,2028,0,0,0,0,0,False,Z,False,,0
2011-12-23,ATL,LGA,DL,N942DL,786,1740,1736,2008,1934,1752,1920,0,0,0,0,0,False,Z,False,,0
2011-12-23,LGA,ATL,FL,N963AT,371,1743,1739,2014,2012,1752,2006,0,0,0,0,0,False,Z,False,,0
2011-12-23,IAH,LGA,CO,N14731,1658,1745,1752,2214,2151,1815,2147,0,0,0,0,0,False,Z,False,,0
2011-12-23,LGA,RSW,DL,N357NB,1045,1745,1752,2104,2111,1814,2107,0,0,0,0,0,False,Z,False,,0
2011-12-23,LGA,DTW,DL,N362NW,2331,1745,1742,1954,1930,1757,1924,0,0,0,0,0,False,Z,False,,0
2011-12-23,ATL,LGA,FL,N607AT,372,1749,1743,2000,1937,1756,1934,0,0,0,0,0,False,Z,False,,0
2011-12-23,LGA,DTW,MQ,N716MQ,4688,1750,1745,1955,1932,1759,1926,0,0,0,0,0,False,Z,False,,0
2011-12-23,LGA,MIA,AA,N611AA,1025,1755,1802,2115,2109,1821,2103,0,0,0,0,0,False,Z,False,,0
2011-12-23,LGA,ORD,AA,N4WJAA,347,1759,1753,1949,1932,1812,1924,0,0,0,0,0,False,Z,False,,0
2011-12-23,LGA,RDU,MQ,N505MQ,4607,1759,1755,1945,1936,1809,1931,0,0,0,0,0,False,Z,False,,0
2011-12-23,LGA,ORD,UA,N803UA,515,1800,1825,1940,1953,1840,1943,0,0,0,0,0,False,Z,False,,0
2011-12-23,LGA,BOS,US,N949UW,2138,1800,1751,1915,1854,1804,1845,0,0,0,0,0,False,Z,False,,0
2011-12-23,BOS,LGA,US,N950UW,2139,1800,1752,1925,1907,1815,1902,0,0,0,0,0,False,Z,False,,0
2011-12-23,DCA,LGA,US,N745VJ,2182,1800,1755,1925,1906,1821,1901,0,0,0,0,0,False,Z,False,,0
2011-12-23,LGA,ATL,DL,N902DE,1047,1800,1755,2050,2053,1818,2027,0,0,0,0,0,False,Z,False,,0
2011-12-23,DEN,LGA,UA,N565UA,858,1801,1807,2329,2320,1819,2317,0,0,0,0,0,False,Z,False,,0
2011-12-23,ORD,LGA,AA,N501AA,350,1805,1759,2115,2044,1810,2041,0,0,0,0,0,False,Z,False,,0
2011-12-23,ORD,LGA,UA,N435UA,497,1805,1801,2114,2106,1830,2100,0,0,0,0,0,False,Z,False,,0
2011-12-23,BNA,LGA,MQ,N511MQ,4624,1805,1801,2110,2115,1812,2048,0,0,0,0,0,False,Z,False,,0
2011-12-23,MSY,LGA,DL,N318NB,1204,1806,1803,2200,2135,1818,2128,0,0,0,0,0,False,Z,False,,0
2011-12-23,FLL,LGA,B6,N705JB,378,1808,1756,2100,2040,1814,2035,0,0,0,0,0,False,Z,False,,0
2011-12-23,DFW,LGA,AA,N3BNAA,762,1810,1820,2225,2203,1832,2159,0,0,0,0,0,False,Z,False,,0
2011-12-23,DEN,LGA,F9,N952FR,508,1810,1832,2351,8,1844,2352,8,0,0,0,9,False,Z,False,,0
2011-12-23,LGA,DFW,AA,N4WTAA,785,1815,1912,2130,2227,1930,2216,8,0,0,0,49,False,Z,False,,0
2011-12-23,CLT,LGA,US,N179UW,1630,1815,1811,2007,1941,1828,1935,0,0,0,0,0,False,Z,False,,0
2011-12-23,LGA,MSP,DL,N976DL,2019,1815,1903,2032,2117,1944,2112,0,0,0,0,45,False,Z,False,,0
2011-12-23,FLL,LGA,DL,N354NW,930,1820,1851,2114,2134,1911,2126,8,0,0,0,12,False,Z,False,,0
2011-12-23,MIA,LGA,AA,N5CFAA,1876,1825,1821,2120,2104,1840,2058,0,0,0,0,0,False,Z,False,,0
2011-12-23,RDU,LGA,MQ,N719MQ,4448,1825,1815,2005,1932,1832,1928,0,0,0,0,0,False,Z,False,,0
2011-12-23,LGA,CMH,MQ,N728MQ,4555,1825,1817,2020,2002,1829,1957,0,0,0,0,0,False,Z,False,,0
2011-12-23,LGA,ATL,MQ,N539MQ,4662,1829,1825,2105,2132,1848,2118,0,0,27,0,0,False,Z,False,,0
2011-12-23,LGA,MDW,WN,N797MX,588,1835,1900,2015,2023,1917,2019,0,0,0,0,0,False,Z,False,,0
2011-12-23,LGA,TPA,DL,N926DL,1435,1835,1859,2144,2221,1935,2216,19,0,13,0,5,False,Z,False,,0
2011-12-23,ATL,LGA,DL,N633DL,886,1840,1840,2103,2048,1858,2026,0,0,0,0,0,False,Z,False,,0
2011-12-23,LGA,MKE,FL,N922AT,506,1840,1832,2008,1954,1850,1948,0,0,0,0,0,False,Z,False,,0
2011-12-23,LGA,CRW,MQ,N733MQ,4517,1840,1841,2025,2026,1900,2024,0,0,0,0,0,False,Z,False,,0
2011-12-23,MDW,LGA,WN,N792SW,595,1845,1842,2155,2138,1848,2115,0,0,0,0,0,False,Z,False,,0
2011-12-23,LGA,DTW,DL,N345NB,2131,1845,2047,2051,2240,2102,2233,109,0,0,0,0,False,Z,False,,0
2011-12-23,CLT,LGA,MQ,N535MQ,4580,1845,1843,2030,2021,1907,2012,0,0,0,0,0,False,Z,False,,0
2011-12-23,ATL,LGA,MQ,N544MQ,4663,1845,1830,2100,2043,1903,2036,0,0,0,0,0,False,Z,False,,0
2011-12-23,LGA,ATL,FL,N964AT,357,1849,1837,2135,2118,1853,2107,0,0,0,0,0,False,Z,False,,0
2011-12-23,IAH,LGA,CO,N78511,163,1850,2017,2306,9,2038,4,63,0,0,0,0,False,Z,False,,0
2011-12-23,TPA,LGA,DL,N937DL,1935,1850,1912,2134,2128,1920,2120,0,0,0,0,0,False,Z,False,,0
2011-12-23,BWI,LGA,WN,N627SW,179,1855,1925,2020,2054,2004,2050,30,0,4,0,0,False,Z,False,,0
2011-12-23,PBI,LGA,DL,N328NW,1902,1855,1847,2142,2122,1902,2116,0,0,0,0,0,False,Z,False,,0
2011-12-23,LGA,CLT,US,N538UW,1491,1858,1854,2106,2101,1913,2057,0,0,0,0,0,False,Z,False,,0
2011-12-23,LGA,ORD,UA,N429UA,693,1859,2026,2039,2143,2042,2138,0,0,0,0,64,False,Z,False,,0
2011-12-23,MCO,LGA,DL,N948DL,1976,1859,1952,2136,2200,2004,2153,1,0,0,0,23,False,Z,False,,0
2011-12-23,LGA,IAD,EV,N877AS,5695,1859,9999,2031,9999,9999,9999,9999,9999,9999,9999,9999,True,A,False,,0
2011-12-23,LGA,DFW,AA,N3HGAA,787,1900,1858,2205,2204,1910,2153,0,0,0,0,0,False,Z,False,,0
2011-12-23,LGA,MCO,B6,N766JB,399,1900,2028,2153,2314,2048,2312,81,0,0,0,0,False,Z,False,,0
2011-12-23,LGA,IAH,CO,N76519,1191,1900,1852,2206,2201,1909,2156,0,0,0,0,0,False,Z,False,,0
2011-12-23,LGA,BOS,US,N951UW,2140,1900,1851,2015,1945,1905,1942,0,0,0,0,0,False,Z,False,,0
2011-12-23,DCA,LGA,US,N751UW,2184,1900,1856,2024,1959,1918,1954,0,0,0,0,0,False,Z,False,,0
2011-12-23,LGA,DCA,US,N755US,2187,1900,1854,2017,2022,1916,2018,0,0,0,0,0,False,Z,False,,0
2011-12-23,LGA,ATL,DL,N634DL,947,1900,1856,2152,2217,1921,2130,0,0,25,0,0,False,Z,False,,0
2011-12-23,ORD,LGA,UA,N464UA,696,1905,1922,2215,2209,1939,2206,0,0,0,0,0,False,Z,False,,0
2011-12-23,LGA,FLL,DL,N357NW,1779,1910,1908,2223,2217,1925,2211,0,0,0,0,0,False,Z,False,,0
2011-12-23,MSP,LGA,DL,N338NW,1596,1915,1916,2302,2230,1925,2224,0,0,0,0,0,False,Z,False,,0
2011-12-23,LGA,JAX,DL,N370NB,1613,1915,1913,2202,2202,1938,2157,0,0,0,0,0,False,Z,False,,0
2011-12-23,LGA,PBI,DL,N941DL,2370,1915,1922,2230,2218,1942,2211,0,0,0,0,0,False,Z,False,,0
2011-12-23,ORD,LGA,AA,N4YDAA,348,1920,1931,2225,2214,1943,2211,0,0,0,0,0,False,Z,False,,0
2011-12-23,DFW,LGA,AA,N3DVAA,766,1920,1932,2325,2314,1946,2310,0,0,0,0,0,False,Z,False,,0
2011-12-23,MKE,LGA,FL,N344AT,511,1920,1942,2219,2242,2009,2239,22,0,1,0,0,False,Z,False,,0
2011-12-23,ATL,LGA,FL,N985AT,364,1922,1921,2134,2110,1934,2106,0,0,0,0,0,False,Z,False,,0
2011-12-23,MCO,LGA,B6,N665JB,396,1925,1923,2156,2150,1938,2134,0,0,0,0,0,False,Z,False,,0
2011-12-23,LGA,CLE,XE,N13978,4168,1930,1922,2114,2112,1946,2104,0,0,0,0,0,False,Z,False,,0
2011-12-23,DTW,LGA,DL,N326US,158,1930,1928,2124,2051,1939,2045,0,0,0,0,0,False,Z,False,,0
2011-12-23,LGA,BOS,DL,N334NB,1396,1930,1927,2041,2027,1947,2022,0,0,0,0,0,False,Z,False,,0
2011-12-23,LGA,CLT,MQ,N532MQ,4584,1930,1929,2135,2139,1952,2137,0,0,0,0,0,False,Z,False,,0
2011-12-23,LGA,MSP,MQ,N507MQ,4649,1930,1929,2125,2124,1950,2121,0,0,0,0,0,False,Z,False,,0
2011-12-23,MEM,LGA,DL,N352NW,1960,1935,1935,2315,2247,2001,2241,0,0,0,0,0,False,Z,False,,0
2011-12-23,ATL,LGA,DL,N629DL,456,1940,1939,2203,2145,1953,2123,0,0,0,0,0,False,Z,False,,0
2011-12-23,FLL,LGA,DL,N936DL,898,1945,1941,2247,2222,2002,2215,0,0,0,0,0,False,Z,False,,0
2011-12-23,LGA,MSY,DL,N340NB,1715,1945,1952,2223,2246,2023,2241,7,0,16,0,0,False,Z,False,,0
2011-12-23,ORD,LGA,AA,N5FCAA,346,1950,1955,2250,2239,2010,2236,0,0,0,0,0,False,Z,False,,0
2011-12-23,ATL,LGA,MQ,N519MQ,4671,1950,1944,2159,2136,2003,2132,0,0,0,0,0,False,Z,False,,0
2011-12-23,MIA,LGA,AA,N3HPAA,1614,1955,1957,2240,2237,2011,2231,0,0,0,0,0,False,Z,False,,0
2011-12-23,LGA,ORD,UA,N432UA,695,2000,1959,2140,2109,2011,2106,0,0,0,0,0,False,Z,False,,0
2011-12-23,LGA,BOS,US,N950UW,2142,2000,1951,2115,2046,2006,2044,0,0,0,0,0,False,Z,False,,0
2011-12-23,BOS,LGA,US,N949UW,2143,2000,1947,2123,2053,2000,2048,0,0,0,0,0,False,Z,False,,0
2011-12-23,LGA,DCA,US,N745VJ,2189,2000,1951,2115,2056,2007,2051,0,0,0,0,0,False,Z,False,,0
2011-12-23,LGA,ATL,DL,N911DE,1147,2000,2031,2247,2302,2054,2253,11,0,0,0,4,False,Z,False,,0
2011-12-23,LGA,PHF,FL,N989AT,786,2000,1945,2122,2105,1959,2059,0,0,0,0,0,False,Z,False,,0
2011-12-23,LGA,BNA,MQ,N725MQ,4484,2000,1949,2130,2144,2009,2139,0,0,0,0,0,False,Z,False,,0
2011-12-23,LGA,MCO,DL,N974DL,1481,2005,2012,2311,2312,2034,2304,0,0,0,0,0,False,Z,False,,0
2011-12-23,LGA,CLE,MQ,N543MQ,4674,2005,2000,2145,2144,2027,2138,0,0,0,0,0,False,Z,False,,0
2011-12-23,LGA,MIA,AA,N635AA,1709,2010,2006,2320,2306,2016,2300,0,0,0,0,0,False,Z,False,,0
2011-12-23,MDW,LGA,WN,N246LV,1029,2010,2029,2315,2316,2044,2312,0,0,0,0,0,False,Z,False,,0
2011-12-23,CLT,LGA,US,N184US,1124,2015,2026,2203,2200,2042,2151,0,0,0,0,0,False,Z,False,,0
2011-12-23,RDU,LGA,MQ,N505MQ,4598,2025,2017,2159,2140,2041,2136,0,0,0,0,0,False,Z,False,,0
2011-12-23,LGA,ORD,AA,N3AGAA,371,2029,2023,2204,2142,2035,2136,0,0,0,0,0,False,Z,False,,0
2011-12-23,DTW,LGA,MQ,N716MQ,4689,2030,2021,2215,2141,2030,2138,0,0,0,0,0,False,Z,False,,0
2011-12-23,FLL,LGA,B6,N625JB,382,2040,2040,2325,2321,2100,2314,0,0,0,0,0,False,Z,False,,0
2011-12-23,CLE,LGA,XE,N22909,4348,2040,2100,2214,2215,2109,2209,0,0,0,0,0,False,Z,False,,0
2011-12-23,ATL,LGA,DL,N6702,986,2040,2103,2300,2315,2133,2302,0,0,0,0,15,False,Z,False,,0
2011-12-23,LGA,CAK,FL,N607AT,718,2040,2038,2215,2209,2052,2204,0,0,0,0,0,False,Z,False,,0
2011-12-23,LGA,DTW,MQ,N722MQ,4569,2050,2049,2250,2239,2107,2235,0,0,0,0,0,False,Z,False,,0
2011-12-23,LGA,MDW,WN,N627SW,234,2055,2129,2235,2257,2145,2253,0,0,0,0,22,False,Z,False,,0
2011-12-23,MIA,LGA,AA,N3GGAA,1226,2100,2057,2345,2333,2109,2329,0,0,0,0,0,False,Z,False,,0
2011-12-23,LGA,PBI,B6,N562JB,369,2100,2109,2348,2358,2127,2355,0,0,0,0,0,False,Z,False,,0
2011-12-23,ORD,LGA,UA,N513UA,635,2100,2118,2359,1,2134,2357,0,0,0,0,0,False,Z,False,,0
2011-12-23,DCA,LGA,US,N767UW,2188,2100,2056,2212,2152,2109,2144,0,0,0,0,0,False,Z,False,,0
2011-12-23,LGA,ATL,DL,N942DL,1247,2100,2056,2342,2323,2111,2317,0,0,0,0,0,False,Z,False,,0
2011-12-23,LGA,RDU,MQ,N719MQ,4456,2100,2043,2235,2242,2101,2225,0,0,0,0,0,False,Z,False,,0
2011-12-23,LGA,CMH,MQ,N535MQ,4626,2110,2107,2300,2246,2120,2242,0,0,0,0,0,False,Z,False,,0
2011-12-23,ATL,LGA,FL,N919AT,358,2115,2113,2322,2301,2131,2258,0,0,0,0,0,False,Z,False,,0
2011-12-23,LGA,BNA,MQ,N544MQ,4660,2130,2139,2255,2316,2202,2310,9,0,12,0,0,False,Z,False,,0
2011-12-23,ATL,LGA,DL,N930DL,1286,2140,2139,2359,2339,2200,2332,0,0,0,0,0,False,Z,False,,0
2011-12-23,LGA,FLL,B6,N705JB,383,2145,2135,38,49,2157,42,0,0,0,0,0,False,Z,False,,0
2011-12-23,DTW,LGA,DL,N319NB,1448,2145,2135,2334,2307,2149,2252,0,0,0,0,0,False,Z,False,,0
2011-12-23,CLT,LGA,US,N756US,1632,2206,2209,2343,2329,2219,2325,0,0,0,0,0,False,Z,False,,0
2011-12-23,PHL,LGA,US,N948UW,1290,2255,2251,2343,2343,2315,2340,0,0,0,0,0,False,Z,False,,0
