FlightDate,Origin,Dest,Reporting_Airline,Tail_Number,Flight_Number_Reporting_Airline,CRSDepTime,DepTime,CRSArrTime,ArrTime,WheelsOff,WheelsOn,CarrierDelay,WeatherDelay,NASDelay,SecurityDelay,LateAircraftDelay,Cancelled,CancellationCode,Diverted,DivReachedDest,DivAirportLandings
2017-03-29,LGA,MIA,AA,N3MAAA,1399,540,534,853,825,553,817,0,0,0,0,0,False,Z,False,,0
2017-03-29,ORD,LGA,NK,N627NK,224,545,540,900,847,554,834,0,0,0,0,0,False,Z,False,,0
2017-03-29,LGA,IAH,UA,N73283,657,545,547,840,825,558,814,0,0,0,0,0,False,Z,False,,0
2017-03-29,PWM,LGA,EV,N720EV,5326,550,634,720,742,647,738,22,0,0,0,0,False,Z,False,,0
2017-03-29,LGA,CLE,EV,N12552,4081,555,553,742,742,620,736,0,0,0,0,0,False,Z,False,,0
2017-03-29,ATL,LGA,WN,N486WN,1790,555,554,800,758,604,751,0,0,0,0,0,False,Z,False,,0
2017-03-29,LGA,DTW,DL,N324NB,964,600,556,755,750,616,745,0,0,0,0,0,False,Z,False,,0
2017-03-29,LGA,ATL,DL,N825DN,1447,600,555,836,811,615,805,0,0,0,0,0,False,Z,False,,0
2017-03-29,ATL,LGA,DL,N913DN,2945,600,559,814,805,612,758,0,0,0,0,0,False,Z,False,,0
2017-03-29,MCO,LGA,B6,N510JB,198,600,552,836,811,601,808,0,0,0,0,0,False,Z,False,,0
2017-03-29,FLL,LGA,B6,N562JB,272,600,551,854,836,602,832,0,0,0,0,0,False,Z,False,,0
2017-03-29,LGA,FLL,B6,N348JB,371,600,741,859,1030,806,1027,54,0,0,0,37,False,Z,False,,0
2017-03-29,RDU,LGA,EV,N755EV,5430,600,557,745,728,613,723,0,0,0,0,0,False,Z,False,,0
2017-03-29,SYR,LGA,EV,N752EV,5580,600,556,730,704,608,648,0,0,0,0,0,False,Z,False,,0
2017-03-29,GSO,LGA,EV,N760EV,5250,600,555,738,726,608,718,0,0,0,0,0,False,Z,False,,0
2017-03-29,LGA,DFW,AA,N893AA,125,600,552,908,902,622,849,0,0,0,0,0,False,Z,False,,0
2017-03-29,CLT,LGA,AA,N770AA,2060,600,555,750,749,627,746,0,0,0,0,0,False,Z,False,,0
2017-03-29,LGA,DCA,AA,N823AA,2115,600,555,717,714,612,654,0,0,0,0,0,False,Z,False,,0
2017-03-29,LGA,BOS,AA,N950AA,2126,600,555,705,648,610,643,0,0,0,0,0,False,Z,False,,0
2017-03-29,LGA,ORD,UA,N441UA,761,600,600,729,701,612,659,0,0,0,0,0,False,Z,False,,0
2017-03-29,ORD,LGA,UA,N839UA,1187,600,557,908,906,616,858,0,0,0,0,0,False,Z,False,,0
2017-03-29,LGA,MDW,WN,N443WN,1520,600,555,730,709,607,707,0,0,0,0,0,False,Z,False,,0
2017-03-29,MDW,LGA,WN,N258WN,1945,600,559,900,906,610,846,0,0,0,0,0,False,Z,False,,0
2017-03-29,LGA,MSP,DL,N360NB,2119,605,558,814,801,617,758,0,0,0,0,0,False,Z,False,,0
2017-03-29,LGA,HOU,WN,N7828A,875,605,557,915,848,621,840,0,0,0,0,0,False,Z,False,,0
2017-03-29,DTW,LGA,NK,N635NK,316,607,559,746,741,618,731,0,0,0,0,0,False,Z,False,,0
2017-03-29,MSY,LGA,DL,N328NB,2787,608,602,1006,1000,616,952,0,0,0,0,0,False,Z,False,,0
2017-03-29,MSN,LGA,EV,N723EV,5189,610,602,933,944,652,938,0,0,0,0,0,False,Z,False,,0
2017-03-29,RIC,LGA,EV,N600QX,5347,610,605,735,718,619,712,0,0,0,0,0,False,Z,False,,0
2017-03-29,LGA,CLT,AA,N123AA,713,610,610,823,804,631,758,0,0,0,0,0,False,Z,False,,0
2017-03-29,MCO,LGA,DL,N816DN,2276,615,612,852,855,635,848,0,0,0,0,0,False,Z,False,,0
2017-03-29,OMA,LGA,EV,N138EV,5547,615,1853,1015,2224,1908,2220,729,0,0,0,0,False,Z,False,,0
2017-03-29,LEX,LGA,EV,N758EV,5198,615,611,815,815,632,806,0,0,0,0,0,False,Z,False,,0
2017-03-29,MKE,LGA,WN,N924WN,1794,615,614,925,921,639,918,0,0,0,0,0,False,Z,False,,0
2017-03-29,LGA,DEN,UA,N14235,124,618,612,842,829,627,823,0,0,0,0,0,False,Z,False,,0
2017-03-29,CLE,LGA,EV,N14542,4225,620,616,800,750,633,741,0,0,0,0,0,False,Z,False,,0
2017-03-29,ATL,LGA,F9,N238FR,1462,624,619,841,825,633,819,0,0,0,0,0,False,Z,False,,0
2017-03-29,LGA,DAL,WN,N224WN,15,625,620,920,951,656,946,0,0,31,0,0,False,Z,False,,0
2017-03-29,LGA,FLL,NK,N662NK,705,630,613,929,913,628,849,0,0,0,0,0,False,Z,False,,0
2017-03-29,BOS,LGA,DL,N956AT,2699,630,629,753,741,645,734,0,0,0,0,0,False,Z,False,,0
2017-03-29,LGA,BOS,B6,N294JB,1432,630,625,743,736,652,727,0,0,0,0,0,False,Z,False,,0
2017-03-29,BHM,LGA,EV,N712EV,5488,630,622,1002,943,637,936,0,0,0,0,0,False,Z,False,,0
2017-03-29,GRR,LGA,EV,N717EV,5358,630,622,829,811,630,755,0,0,0,0,0,False,Z,False,,0
2017-03-29,BOS,LGA,AA,N958AA,2165,630,625,758,725,641,722,0,0,0,0,0,False,Z,False,,0
2017-03-29,DFW,LGA,AA,N3LGAA,1150,630,626,1045,1053,639,1049,0,0,0,0,0,False,Z,False,,0
2017-03-29,LGA,PHL,AA,N963AA,2049,630,628,737,727,647,723,0,0,0,0,0,False,Z,False,,0
2017-03-29,DAL,LGA,WN,N754SW,1281,630,627,1040,1045,637,1040,0,0,0,0,0,False,Z,False,,0
2017-03-29,IND,LGA,WN,N7885A,1331,630,625,825,814,637,809,0,0,0,0,0,False,Z,False,,0
2017-03-29,BNA,LGA,WN,N7708E,262,635,634,945,959,650,948,0,0,0,0,0,False,Z,False,,0
2017-03-29,BOS,LGA,B6,N239JB,631,640,632,800,741,654,735,0,0,0,0,0,False,Z,False,,0
2017-03-29,ATL,LGA,DL,N866DN,886,645,644,900,847,654,842,0,0,0,0,0,False,Z,False,,0
2017-03-29,CAE,LGA,EV,N707EV,5117,645,637,849,844,703,836,0,0,0,0,0,False,Z,False,,0
2017-03-29,CLE,LGA,EV,N738EV,5132,645,641,830,826,711,821,0,0,0,0,0,False,Z,False,,0
2017-03-29,MCI,LGA,EV,N391CA,5324,645,716,1040,1104,728,1058,24,0,0,0,0,False,Z,False,,0
2017-03-29,LGA,CLE,EV,N722EV,5319,650,649,842,828,706,824,0,0,0,0,0,False,Z,False,,0
2017-03-29,MCO,LGA,AA,N3HNAA,348,650,644,928,928,655,912,0,0,0,0,0,False,Z,False,,0
2017-03-29,LGA,ORD,AA,N3BNAA,304,651,651,835,849,729,832,0,0,0,0,0,False,Z,False,,0
2017-03-29,LGA,ATL,WN,N245WN,1700,655,652,925,913,714,904,0,0,0,0,0,False,Z,False,,0
2017-03-29,LGA,MCO,AA,N3PEAA,129,659,659,958,939,723,930,0,0,0,0,0,False,Z,False,,0
2017-03-29,DCA,LGA,AA,N948AA,2144,659,700,817,819,732,815,0,0,0,0,0,False,Z,False,,0
2017-03-29,LGA,MIA,AA,N876AA,2266,659,659,1016,1009,742,1004,0,0,0,0,0,False,Z,False,,0
2017-03-29,LGA,ATL,DL,N830DN,904,700,655,938,918,724,912,0,0,0,0,0,False,Z,False,,0
2017-03-29,LGA,MIA,DL,N367NW,1472,700,658,1017,946,718,939,0,0,0,0,0,False,Z,False,,0
2017-03-29,LGA,MCO,DL,N801DZ,2285,700,657,1000,942,728,935,0,0,0,0,0,False,Z,False,,0
2017-03-29,PBI,LGA,DL,N956DN,2395,700,652,950,947,710,940,0,0,0,0,0,False,Z,False,,0
2017-03-29,BOS,LGA,DL,N895AT,2667,700,655,820,807,718,803,0,0,0,0,0,False,Z,False,,0
2017-03-29,LGA,BOS,DL,N925AT,2668,700,722,818,835,725,828,17,0,0,0,0,False,Z,False,,0
2017-03-29,DAL,LGA,VX,N529VA,762,700,654,1125,1142,717,1127,17,0,0,0,0,False,Z,False,,0
2017-03-29,LGA,DAL,VX,N526VA,763,700,655,955,1001,716,956,0,0,0,0,0,False,Z,False,,0
2017-03-29,LGA,MCO,B6,N705JB,1099,700,653,956,915,704,908,0,0,0,0,0,False,Z,False,,0
2017-03-29,ORD,LGA,OO,N128SY,5697,700,658,1013,1019,720,1011,0,0,0,0,0,False,Z,False,,0
2017-03-29,LGA,BOS,AA,N965AA,2152,700,654,814,754,710,748,0,0,0,0,0,False,Z,False,,0
2017-03-29,ATL,LGA,AA,N947AA,1683,700,657,915,857,709,853,0,0,0,0,0,False,Z,False,,0
2017-03-29,LGA,DCA,AA,N949AA,2123,700,653,828,806,708,753,0,0,0,0,0,False,Z,False,,0
2017-03-29,LGA,ORD,UA,N817UA,628,700,705,837,823,719,815,0,0,0,0,0,False,Z,False,,0
2017-03-29,LGA,ORD,AA,N3KDAA,289,705,705,850,906,747,848,0,0,16,0,0,False,Z,False,,0
2017-03-29,MIA,LGA,AA,N886AA,1011,705,705,1003,1016,717,959,0,0,0,0,0,False,Z,False,,0
2017-03-29,FLL,LGA,DL,N341NB,1428,710,708,1012,1012,722,1006,0,0,0,0,0,False,Z,False,,0
2017-03-29,LGA,FLL,DL,N908DA,1879,710,706,1025,951,732,949,0,0,0,0,0,False,Z,False,,0
2017-03-29,MSP,LGA,DL,N948DN,1996,710,709,1059,1051,731,1047,0,0,0,0,0,False,Z,False,,0
2017-03-29,LGA,PIT,EV,N600QX,5477,710,754,844,935,828,930,44,0,7,0,0,False,Z,False,,0
2017-03-29,IAH,LGA,UA,N472UA,1805,710,704,1137,1141,717,1125,0,0,0,0,0,False,Z,False,,0
2017-03-29,LGA,DTW,DL,N375DA,831,715,710,919,856,726,852,0,0,0,0,0,False,Z,False,,0
2017-03-29,BUF,LGA,DL,N316NB,1687,715,712,848,816,722,811,0,0,0,0,0,False,Z,False,,0
2017-03-29,DTW,LGA,DL,N936DN,1848,715,703,908,842,723,837,0,0,0,0,0,False,Z,False,,0
2017-03-29,FLL,LGA,NK,N611NK,604,716,711,1015,1012,720,1001,0,0,0,0,0,False,Z,False,,0
2017-03-29,MIA,LGA,DL,N360NW,2151,720,718,1027,1023,736,1016,0,0,0,0,0,False,Z,False,,0
2017-03-29,DFW,LGA,AA,N888AA,1104,720,715,1140,1146,730,1134,0,0,0,0,0,False,Z,False,,0
2017-03-29,LGA,IAH,UA,N17719,1456,725,727,1020,1314,750,1259,9999,9999,9999,9999,9999,False,Z,True,True,1
2017-03-29,LGA,STL,WN,N423WN,1096,725,720,905,904,743,900,0,0,0,0,0,False,Z,False,,0
2017-03-29,BOS,LGA,DL,N985AT,2682,730,727,856,834,747,831,0,0,0,0,0,False,Z,False,,0
2017-03-29,LGA,PBI,B6,N599JB,461,730,725,1032,1019,759,1014,0,0,0,0,0,False,Z,False,,0
2017-03-29,LGA,CLT,EV,N752EV,5494,730,732,940,934,804,923,0,0,0,0,0,False,Z,False,,0
2017-03-29,LGA,DFW,AA,N887AA,2177,730,727,1042,1034,758,1010,0,0,0,0,0,False,Z,False,,0
2017-03-29,ORD,LGA,AA,N3BLAA,392,730,729,1036,1047,755,1038,0,0,0,0,0,False,Z,False,,0
2017-03-29,LGA,DEN,UA,N57852,561,744,741,1010,1019,802,1000,0,0,0,0,0,False,Z,False,,0
2017-03-29,ATL,LGA,DL,N930DN,2400,745,740,1000,949,754,945,0,0,0,0,0,False,Z,False,,0
2017-03-29,LGA,DFW,AA,N989AA,149,750,750,1102,1123,849,1108,0,0,21,0,0,False,Z,False,,0
2017-03-29,LGA,CLT,AA,N186AA,1961,751,748,1016,944,816,936,0,0,0,0,0,False,Z,False,,0
2017-03-29,LGA,ATL,DL,N355NW,1842,755,749,1033,1014,816,1003,0,0,0,0,0,False,Z,False,,0
2017-03-29,LGA,BNA,WN,N736SA,294,755,750,925,909,813,904,0,0,0,0,0,False,Z,False,,0
2017-03-29,CLT,LGA,AA,N161AA,2062,759,754,957,1018,842,1012,0,0,21,0,0,False,Z,False,,0
2017-03-29,LGA,MSP,DL,N362NW,121,800,755,1017,1015,826,1005,0,0,0,0,0,False,Z,False,,0
2017-03-29,TPA,LGA,DL,N960DN,773,800,1147,1042,1416,1158,1411,214,0,0,0,0,False,Z,False,,0
2017-03-29,RSW,LGA,DL,N320US,2858,800,756,1050,1051,807,1044,0,0,0,0,0,False,Z,False,,0
2017-03-29,LGA,RSW,DL,N309US,2933,800,758,1127,1054,823,1051,0,0,0,0,0,False,Z,False,,0
2017-03-29,LGA,MCI,EV,N720EV,5506,800,828,1032,1058,911,1051,4,0,0,0,22,False,Z,False,,0
2017-03-29,LGA,MIA,AA,N3GDAA,1410,800,752,1121,1051,820,1044,0,0,0,0,0,False,Z,False,,0
2017-03-29,DCA,LGA,AA,N823AA,2125,800,752,923,936,836,929,0,0,0,0,0,False,Z,False,,0
2017-03-29,BOS,LGA,AA,N950AA,2126,800,753,929,911,813,855,0,0,0,0,0,False,Z,False,,0
2017-03-29,LGA,ORD,UA,N76514,463,800,758,940,926,822,920,0,0,0,0,0,False,Z,False,,0
2017-03-29,ORD,LGA,UA,N76523,672,800,755,1109,1102,811,1056,0,0,0,0,0,False,Z,False,,0
2017-03-29,LGA,ORD,AA,N3LXAA,1619,801,801,955,1021,858,1007,0,0,26,0,0,False,Z,False,,0
2017-03-29,LGA,PBI,DL,N378NW,2358,805,758,1124,1055,838,1049,0,0,0,0,0,False,Z,False,,0
2017-03-29,LGA,DEN,DL,N361NW,1965,810,814,1055,1048,851,1039,0,0,0,0,0,False,Z,False,,0
2017-03-29,LGA,STL,EV,N760EV,5569,810,806,1012,952,836,947,0,0,0,0,0,False,Z,False,,0
2017-03-29,DEN,LGA,UA,N73275,347,813,811,1359,1334,823,1331,0,0,0,0,0,False,Z,False,,0
2017-03-29,MCO,LGA,DL,N811DZ,1526,815,811,1055,1053,829,1047,0,0,0,0,0,False,Z,False,,0
2017-03-29,LGA,GSO,EV,N717EV,5420,815,842,1015,1047,937,1045,27,0,5,0,0,False,Z,False,,0
2017-03-29,MDW,LGA,WN,N443WN,6519,815,813,1120,1115,823,1106,0,0,0,0,0,False,Z,False,,0
2017-03-29,DFW,LGA,NK,N524NK,718,818,808,1244,1246,823,1223,0,0,0,0,0,False,Z,False,,0
2017-03-29,LGA,RIC,EV,N755EV,5297,818,813,955,951,854,944,0,0,0,0,0,False,Z,False,,0
2017-03-29,STL,LGA,WN,N707SA,1255,825,823,1145,1149,837,1139,0,0,0,0,0,False,Z,False,,0
2017-03-29,LGA,TPA,DL,N371NW,2280,830,829,1141,1130,913,1127,0,0,0,0,0,False,Z,False,,0
2017-03-29,LGA,CLE,EV,N14542,4120,830,824,1022,1019,901,1014,0,0,0,0,0,False,Z,False,,0
2017-03-29,ORD,LGA,AA,N3GMAA,388,830,823,1133,1143,840,1127,0,0,0,0,0,False,Z,False,,0
2017-03-29,IAH,LGA,UA,N811UA,1705,832,1250,1300,1701,1306,1658,14,0,0,0,227,False,Z,False,,0
2017-03-29,LGA,CLT,AA,N770AA,1832,835,830,1056,1039,905,1034,0,0,0,0,0,False,Z,False,,0
2017-03-29,LGA,DEN,WN,N486WN,1790,835,834,1105,1114,915,1106,0,0,0,0,0,False,Z,False,,0
2017-03-29,LGA,ORD,NK,N635NK,847,837,836,1012,1034,918,1018,0,0,22,0,0,False,Z,False,,0
2017-03-29,BOS,LGA,B6,N294JB,731,840,828,1001,943,849,934,0,0,0,0,0,False,Z,False,,0
2017-03-29,DTW,LGA,DL,N972AT,1401,845,841,1037,1027,856,1020,0,0,0,0,0,False,Z,False,,0
2017-03-29,ATL,LGA,DL,N809DN,2362,845,901,1055,1108,911,1100,0,0,0,0,0,False,Z,False,,0
2017-03-29,LGA,RDU,AA,N958AA,1669,845,832,1039,1027,910,1022,0,0,0,0,0,False,Z,False,,0
2017-03-29,LGA,DEN,UA,N439UA,744,845,840,1115,1118,926,1111,0,0,0,0,0,False,Z,False,,0
2017-03-29,ATL,LGA,WN,N7827A,1712,845,840,1100,1053,847,1037,0,0,0,0,0,False,Z,False,,0
2017-03-29,CLE,LGA,EV,N16571,3792,850,843,1030,1032,859,1018,0,0,0,0,0,False,Z,False,,0
2017-03-29,LGA,ATL,DL,N318US,1903,855,852,1139,1133,939,1124,0,0,0,0,0,False,Z,False,,0
2017-03-29,LGA,IND,WN,N7885A,1363,855,850,1120,1140,955,1135,0,0,20,0,0,False,Z,False,,0
2017-03-29,LGA,FLL,DL,N934DN,375,900,858,1228,1217,951,1212,0,0,0,0,0,False,Z,False,,0
2017-03-29,MSP,LGA,DL,N909DA,2096,900,855,1243,1223,910,1218,0,0,0,0,0,False,Z,False,,0
2017-03-29,BOS,LGA,DL,N925AT,2671,900,912,1020,1029,930,1026,0,0,0,0,0,False,Z,False,,0
2017-03-29,LGA,BOS,DL,N956AT,2672,900,857,1025,1026,941,1021,0,0,0,0,0,False,Z,False,,0
2017-03-29,LGA,BOS,B6,N239JB,632,900,900,1032,1044,1003,1039,0,0,0,0,0,False,Z,False,,0
2017-03-29,LGA,CLE,EV,N758EV,5473,900,856,1104,1055,939,1050,0,0,0,0,0,False,Z,False,,0
2017-03-29,BOS,LGA,AA,N965AA,2152,900,852,1029,957,910,954,0,0,0,0,0,False,Z,False,,0
2017-03-29,LGA,DFW,AA,N895AA,1114,900,900,1220,1212,1003,1207,0,0,0,0,0,False,Z,False,,0
2017-03-29,LGA,BOS,AA,N948AA,2121,900,854,1023,1030,947,1025,0,0,0,0,0,False,Z,False,,0
2017-03-29,DCA,LGA,AA,N949AA,2133,900,853,1024,1034,935,1029,0,0,0,0,0,False,Z,False,,0
2017-03-29,LGA,IAH,UA,N832UA,613,900,858,1202,1238,945,1223,0,0,36,0,0,False,Z,False,,0
2017-03-29,ORD,LGA,UA,N809UA,910,900,856,1208,1203,915,1158,0,0,0,0,0,False,Z,False,,0
2017-03-29,LGA,DTW,DL,N895AT,955,905,858,1118,1116,943,1111,0,0,0,0,0,False,Z,False,,0
2017-03-29,FLL,LGA,DL,N949DN,1498,905,858,1205,1150,912,1144,0,0,0,0,0,False,Z,False,,0
2017-03-29,LGA,ORD,UA,N61898,519,905,910,1045,1115,1000,1102,0,0,30,0,0,False,Z,False,,0
2017-03-29,HOU,LGA,WN,N280WN,3,910,1000,1335,1409,1007,1403,0,7,0,0,27,False,Z,False,,0
2017-03-29,LGA,CLT,EV,N753EV,5601,915,1000,1136,1223,1045,1207,45,0,2,0,0,False,Z,False,,0
2017-03-29,DFW,LGA,AA,N882AA,1080,915,910,1335,1327,932,1323,0,0,0,0,0,False,Z,False,,0
2017-03-29,CLE,LGA,EV,N722EV,5323,917,906,1100,1039,918,1034,0,0,0,0,0,False,Z,False,,0
2017-03-29,PIT,LGA,EV,N600QX,5227,919,1005,1059,1132,1019,1123,0,0,0,0,33,False,Z,False,,0
2017-03-29,LGA,PIT,EV,N723EV,5527,920,1026,1113,1235,1131,1232,66,0,16,0,0,False,Z,False,,0
2017-03-29,LGA,MSY,DL,N316NB,771,930,924,1225,1152,1008,1147,0,0,0,0,0,False,Z,False,,0
2017-03-29,LGA,MCO,B6,N510JB,199,930,930,1243,1226,1014,1216,0,0,0,0,0,False,Z,False,,0
2017-03-29,LGA,GRR,EV,N707EV,5215,930,919,1157,1146,1005,1142,0,0,0,0,0,False,Z,False,,0
2017-03-29,LGA,MCO,AA,N3DYAA,344,930,928,1245,1240,1023,1232,0,0,0,0,0,False,Z,False,,0
2017-03-29,MIA,LGA,AA,N3FRAA,2520,930,933,1229,1242,1000,1229,0,0,0,0,0,False,Z,False,,0
2017-03-29,LGA,MIA,F9,N238FR,1595,932,922,1300,1241,1007,1227,0,0,0,0,0,False,Z,False,,0
2017-03-29,LGA,MIA,DL,N985AT,1415,936,927,1318,1243,1018,1239,0,0,0,0,0,False,Z,False,,0
2017-03-29,MYR,LGA,NK,N618NK,300,943,935,1134,1131,948,1121,0,0,0,0,0,False,Z,False,,0
2017-03-29,ATL,LGA,DL,N864DN,2277,945,942,1157,1148,953,1141,0,0,0,0,0,False,Z,False,,0
2017-03-29,PBI,LGA,B6,N663JB,62,945,936,1232,1221,950,1217,0,0,0,0,0,False,Z,False,,0
2017-03-29,LGA,FLL,B6,N562JB,971,945,932,1313,1234,1010,1226,0,0,0,0,0,False,Z,False,,0
2017-03-29,LGA,MCO,DL,N816DN,925,947,948,1304,1252,1044,1247,0,0,0,0,0,False,Z,False,,0
2017-03-29,LGA,MIA,AA,N3DWAA,1103,950,943,1323,1305,1038,1300,0,0,0,0,0,False,Z,False,,0
2017-03-29,LGA,DTW,NK,N627NK,475,952,957,1156,1212,1039,1205,0,0,16,0,0,False,Z,False,,0
2017-03-29,LGA,MSP,DL,N936DN,1496,953,945,1230,1213,1026,1206,0,0,0,0,0,False,Z,False,,0
2017-03-29,LGA,ATL,DL,N866DN,1539,955,955,1246,1230,1035,1222,0,0,0,0,0,False,Z,False,,0
2017-03-29,ORD,LGA,AA,N3GSAA,380,955,950,1258,1243,1005,1237,0,0,0,0,0,False,Z,False,,0
2017-03-29,LGA,MDW,WN,N258WN,1099,955,947,1140,1119,1021,1116,0,0,0,0,0,False,Z,False,,0
2017-03-29,MSP,LGA,DL,N302NB,1796,1000,958,1338,1322,1012,1315,0,0,0,0,0,False,Z,False,,0
2017-03-29,LGA,SRQ,DL,N913DN,1981,1000,953,1340,1332,1100,1328,0,0,0,0,0,False,Z,False,,0
2017-03-29,ORD,LGA,OO,N151SY,5933,1000,954,1311,1250,1012,1247,0,0,0,0,0,False,Z,False,,0
2017-03-29,RDU,LGA,EV,N752EV,5176,1000,1934,1137,2150,2041,2144,574,0,39,0,0,False,Z,False,,0
2017-03-29,LGA,DCA,AA,N947AA,2125,1000,952,1130,1113,1028,1110,0,0,0,0,0,False,Z,False,,0
2017-03-29,LGA,BOS,AA,N950AA,2136,1000,956,1126,1120,1037,1115,0,0,0,0,0,False,Z,False,,0
2017-03-29,DEN,LGA,UA,N495UA,303,1000,1008,1541,1533,1019,1530,0,0,0,0,0,False,Z,False,,0
2017-03-29,LGA,IAH,UA,N13716,1429,1000,1006,1309,1331,1050,1318,6,0,16,0,0,False,Z,False,,0
2017-03-29,LGA,ATL,WN,N924WN,1794,1000,955,1245,1229,1031,1221,0,0,0,0,0,False,Z,False,,0
2017-03-29,DTW,LGA,DL,N967AT,871,1001,1001,1150,1143,1018,1138,0,0,0,0,0,False,Z,False,,0
2017-03-29,CLT,LGA,AA,N568AA,1910,1002,955,1202,1151,1020,1146,0,0,0,0,0,False,Z,False,,0
2017-03-29,IAH,LGA,UA,N820UA,689,1003,953,1429,1411,1008,1406,0,0,0,0,0,False,Z,False,,0
2017-03-29,BNA,LGA,WN,N736SA,1390,1005,1010,1310,1306,1019,1302,0,0,0,0,0,False,Z,False,,0
2017-03-29,LGA,CLT,AA,N823AA,843,1009,1005,1234,1222,1054,1217,0,0,0,0,0,False,Z,False,,0
2017-03-29,LGA,GSO,EV,N712EV,5157,1015,1014,1228,1224,1112,1222,0,0,0,0,0,False,Z,False,,0
2017-03-29,LGA,DFW,AA,N3EYAA,1131,1015,1009,1342,1330,1105,1314,0,0,0,0,0,False,Z,False,,0
2017-03-29,LGA,RIC,EV,N708EV,5567,1020,1326,1213,1536,1437,1531,186,0,17,0,0,False,Z,False,,0
2017-03-29,DEN,LGA,DL,N373NW,928,1030,1027,1620,1554,1039,1549,0,0,0,0,0,False,Z,False,,0
2017-03-29,RIC,LGA,EV,N755EV,5603,1030,1025,1200,1142,1039,1135,0,0,0,0,0,False,Z,False,,0
2017-03-29,CLT,LGA,EV,N752EV,5234,1030,1024,1226,1219,1050,1214,0,0,0,0,0,False,Z,False,,0
2017-03-29,LGA,ORD,AA,N3HNAA,328,1030,1025,1228,1240,1113,1220,0,0,0,0,0,False,Z,False,,0
2017-03-29,DEN,LGA,WN,N8314L,609,1030,1029,1610,1554,1038,1548,0,0,0,0,0,False,Z,False,,0
2017-03-29,LGA,PBI,DL,N956DN,898,1035,1026,1405,1345,1130,1343,0,0,0,0,0,False,Z,False,,0
2017-03-29,LGA,DAL,WN,N7708E,263,1035,1035,1340,1331,1119,1326,0,0,0,0,0,False,Z,False,,0
2017-03-29,ATL,LGA,DL,N951DN,1286,1045,1041,1256,1242,1056,1236,0,0,0,0,0,False,Z,False,,0
2017-03-29,LGA,BOS,B6,N294JB,732,1045,1029,1212,1206,1118,1157,0,0,0,0,0,False,Z,False,,0
2017-03-29,LGA,BGR,EV,N724EV,5100,1045,1221,1231,1410,1307,1406,96,0,3,0,0,False,Z,False,,0
2017-03-29,STL,LGA,EV,N760EV,5196,1047,1036,1415,1344,1045,1340,0,0,0,0,0,False,Z,False,,0
2017-03-29,GSO,LGA,EV,N717EV,5197,1050,1113,1238,1242,1128,1238,0,0,0,0,0,False,Z,False,,0
2017-03-29,DFW,LGA,AA,N893AA,1169,1050,1045,1510,1455,1057,1448,0,0,0,0,0,False,Z,False,,0
2017-03-29,LGA,ATL,DL,N930DN,2057,1055,1050,1353,1325,1136,1320,0,0,0,0,0,False,Z,False,,0
2017-03-29,LGA,DTW,DL,N341NB,2148,1055,1053,1314,1311,1135,1307,0,0,0,0,0,False,Z,False,,0
2017-03-29,CLE,LGA,EV,N14542,3778,1055,1043,1235,1215,1059,1206,0,0,0,0,0,False,Z,False,,0
2017-03-29,MIA,LGA,DL,N367NW,966,1100,1056,1359,1345,1113,1341,0,0,0,0,0,False,Z,False,,0
2017-03-29,MCO,LGA,DL,N801DZ,1395,1100,1059,1334,1323,1111,1317,0,0,0,0,0,False,Z,False,,0
2017-03-29,BOS,LGA,DL,N956AT,2675,1100,1059,1220,1213,1123,1208,0,0,0,0,0,False,Z,False,,0
2017-03-29,LGA,BOS,DL,N925AT,2676,1100,1103,1225,1238,1154,1229,0,0,0,0,0,False,Z,False,,0
2017-03-29,LGA,FLL,DL,N328NB,2947,1100,1100,1427,1415,1155,1412,0,0,0,0,0,False,Z,False,,0
2017-03-29,LGA,ORD,OO,N128SY,5768,1100,1055,1244,1307,1137,1252,0,0,23,0,0,False,Z,False,,0
2017-03-29,LGA,CLE,EV,N16571,3985,1100,1050,1250,1250,1133,1246,0,0,0,0,0,False,Z,False,,0
2017-03-29,LGA,CLT,EV,N722EV,5258,1100,1107,1324,1337,1210,1330,0,0,0,0,0,False,Z,False,,0
2017-03-29,LGA,BOS,AA,N949AA,2162,1100,1058,1223,1227,1142,1215,0,0,0,0,0,False,Z,False,,0
2017-03-29,LGA,MIA,AA,N886AA,1082,1100,1103,1436,1409,1145,1405,0,0,0,0,0,False,Z,False,,0
2017-03-29,BOS,LGA,AA,N948AA,2121,1100,1056,1224,1212,1116,1156,0,0,0,0,0,False,Z,False,,0
2017-03-29,LGA,MYR,NK,N611NK,921,1105,1057,1302,1300,1139,1255,0,0,0,0,0,False,Z,False,,0
2017-03-29,FLL,LGA,DL,N908DA,1722,1105,1105,1404,1356,1126,1352,0,0,0,0,0,False,Z,False,,0
2017-03-29,FLL,LGA,B6,N618JB,1572,1109,1102,1409,1347,1120,1345,0,0,0,0,0,False,Z,False,,0
2017-03-29,MCI,LGA,EV,N720EV,5309,1112,1141,1509,1510,1151,1507,0,0,0,0,0,False,Z,False,,0
2017-03-29,LGA,CLT,AA,N161AA,1789,1114,1107,1329,1328,1159,1324,0,0,0,0,0,False,Z,False,,0
2017-03-29,LGA,MKE,WN,N754SW,1281,1115,1114,1245,1311,1205,1306,0,0,26,0,0,False,Z,False,,0
2017-03-29,LGA,MIA,DL,N360NW,838,1117,1109,1454,1434,1212,1430,0,0,0,0,0,False,Z,False,,0
2017-03-29,RDU,LGA,AA,N958AA,1669,1119,1109,1250,1250,1142,1246,0,0,0,0,0,False,Z,False,,0
2017-03-29,LGA,MSP,DL,N972AT,2149,1120,1113,1347,1347,1209,1343,0,0,0,0,0,False,Z,False,,0
2017-03-29,MKE,LGA,WN,N7722B,4559,1120,1119,1425,1403,1127,1359,0,0,0,0,0,False,Z,False,,0
2017-03-29,MIA,LGA,AA,N876AA,1064,1122,1120,1420,1404,1136,1400,0,0,0,0,0,False,Z,False,,0
2017-03-29,LGA,TPA,DL,N948DN,1875,1127,1142,1447,1449,1228,1446,0,0,0,0,0,False,Z,False,,0
2017-03-29,LGA,CLE,EV,N391CA,5353,1130,1137,1325,1340,1226,1333,0,0,8,0,7,False,Z,False,,0
2017-03-29,DEN,LGA,UA,N27239,556,1130,1125,1717,1652,1140,1648,0,0,0,0,0,False,Z,False,,0
2017-03-29,LGA,BNA,WN,N7827A,3903,1130,1130,1310,1309,1216,1304,0,0,0,0,0,False,Z,False,,0
2017-03-29,FLL,LGA,NK,N658NK,180,1135,1129,1428,1420,1147,1414,0,0,0,0,0,False,Z,False,,0
2017-03-29,BOS,LGA,B6,N239JB,831,1140,1133,1257,1239,1146,1235,0,0,0,0,0,False,Z,False,,0
2017-03-29,LGA,MCI,EV,N600QX,5219,1140,1209,1419,1501,1318,1458,9,0,13,0,20,False,Z,False,,0
2017-03-29,CLT,LGA,AA,N915AA,2064,1140,1129,1336,1314,1150,1308,0,0,0,0,0,False,Z,False,,0
2017-03-29,DAL,LGA,WN,N250WN,714,1140,1156,1550,1612,1215,1604,16,0,6,0,0,False,Z,False,,0
2017-03-29,ATL,LGA,DL,N845DN,2418,1145,1141,1351,1344,1151,1335,0,0,0,0,0,False,Z,False,,0
2017-03-29,LGA,MCO,DL,N811DZ,2181,1150,1153,1458,1443,1233,1436,0,0,0,0,0,False,Z,False,,0
2017-03-29,PIT,LGA,EV,N723EV,5211,1150,1259,1318,1409,1315,1404,0,0,0,0,51,False,Z,False,,0
2017-03-29,LGA,ATL,DL,N809DN,1791,1155,1157,1446,1430,1237,1419,0,0,0,0,0,False,Z,False,,0
2017-03-29,CLE,LGA,EV,N758EV,5245,1155,1150,1337,1315,1208,1310,0,0,0,0,0,False,Z,False,,0
2017-03-29,ORD,LGA,AA,N3PAAA,186,1156,1151,1501,1459,1219,1454,0,0,0,0,0,False,Z,False,,0
2017-03-29,RIC,LGA,EV,N754EV,5244,1200,1154,1319,1310,1216,1305,0,0,0,0,0,False,Z,False,,0
2017-03-29,LGA,ORD,AA,N3BLAA,337,1200,1152,1350,1340,1224,1327,0,0,0,0,0,False,Z,False,,0
2017-03-29,DFW,LGA,AA,N989AA,1201,1200,1220,1616,1636,1234,1631,2,0,0,0,18,False,Z,False,,0
2017-03-29,DCA,LGA,AA,N947AA,2135,1200,1151,1321,1317,1230,1313,0,0,0,0,0,False,Z,False,,0
2017-03-29,BOS,LGA,AA,N950AA,2136,1200,1153,1324,1255,1202,1250,0,0,0,0,0,False,Z,False,,0
2017-03-29,LGA,DEN,UA,N76523,405,1200,1154,1434,1434,1240,1426,0,0,0,0,0,False,Z,False,,0
2017-03-29,LGA,MDW,WN,N443WN,1092,1200,1151,1335,1327,1231,1325,0,0,0,0,0,False,Z,False,,0
2017-03-29,PBI,LGA,DL,N378NW,1242,1204,1157,1459,1438,1209,1431,0,0,0,0,0,False,Z,False,,0
2017-03-29,DTW,LGA,DL,N960AT,1548,1205,1205,1354,1331,1217,1326,0,0,0,0,0,False,Z,False,,0
2017-03-29,LGA,DAL,VX,N529VA,771,1205,1225,1510,1519,1306,1516,0,0,0,0,0,False,Z,False,,0
2017-03-29,LGA,PBI,DL,N949DN,2436,1210,1228,1534,1538,1320,1536,0,0,0,0,0,False,Z,False,,0
2017-03-29,CLT,LGA,EV,N753EV,5229,1211,1248,1408,1441,1313,1433,0,0,0,0,33,False,Z,False,,0
2017-03-29,RSW,LGA,DL,N309US,1751,1215,1344,1512,1627,1357,1622,75,0,0,0,0,False,Z,False,,0
2017-03-29,MCO,LGA,B6,N623JB,398,1215,1212,1458,1455,1234,1450,0,0,0,0,0,False,Z,False,,0
2017-03-29,ATL,LGA,WN,N226WN,1574,1220,1237,1430,1447,1253,1438,8,0,0,0,9,False,Z,False,,0
2017-03-29,LGA,MCI,WN,N707SA,4835,1220,1221,1440,1453,1309,1449,0,0,0,0,0,False,Z,False,,0
2017-03-29,TPA,LGA,DL,N371NW,2143,1221,1229,1506,1505,1244,1459,0,0,0,0,0,False,Z,False,,0
2017-03-29,LGA,RIC,EV,N754EV,5105,1227,1343,1405,1529,1429,1525,76,0,8,0,0,False,Z,False,,0
2017-03-29,LGA,FLL,NK,N618NK,197,1230,1230,1536,1601,1312,1534,0,0,25,0,0,False,Z,False,,0
2017-03-29,LGA,DTW,DL,N967AT,583,1230,1226,1447,1444,1311,1439,0,0,0,0,0,False,Z,False,,0
2017-03-29,LGA,RDU,EV,N755EV,5396,1230,1226,1425,1435,1324,1430,0,0,0,0,0,False,Z,False,,0
2017-03-29,LGA,MIA,AA,N3LGAA,1311,1230,1225,1555,1550,1304,1539,0,0,0,0,0,False,Z,False,,0
2017-03-29,LGA,RDU,AA,N965AA,1914,1230,1221,1415,1418,1301,1413,0,0,0,0,0,False,Z,False,,0
2017-03-29,LGA,ORD,UA,N472UA,1697,1230,1226,1415,1426,1316,1414,0,0,0,0,0,False,Z,False,,0
2017-03-29,MDW,LGA,WN,N258WN,1100,1230,1226,1530,1508,1234,1504,0,0,0,0,0,False,Z,False,,0
2017-03-29,GRR,LGA,EV,N707EV,5256,1232,1302,1429,1446,1316,1441,17,0,0,0,0,False,Z,False,,0
2017-03-29,PBI,LGA,B6,N659JB,362,1235,1236,1530,1512,1247,1509,0,0,0,0,0,False,Z,False,,0
2017-03-29,LGA,DFW,AA,N888AA,1141,1235,1237,1551,1545,1322,1537,0,0,0,0,0,False,Z,False,,0
2017-03-29,LGA,SYR,EV,N738EV,5551,1240,1406,1359,1533,1444,1530,86,0,8,0,0,False,Z,False,,0
2017-03-29,DEN,LGA,UA,N37252,596,1242,1238,1829,1808,1251,1805,0,0,0,0,0,False,Z,False,,0
2017-03-29,ATL,LGA,DL,N333NW,2524,1245,1244,1458,1451,1259,1446,0,0,0,0,0,False,Z,False,,0
2017-03-29,IAH,LGA,UA,N816UA,1254,1250,1656,1720,2131,1721,2111,38,0,5,0,208,False,Z,False,,0
2017-03-29,LGA,ATL,DL,N864DN,1914,1255,1254,1541,1528,1336,1519,0,0,0,0,0,False,Z,False,,0
2017-03-29,DFW,LGA,AA,N991AA,1118,1255,1255,1714,1714,1317,1710,0,0,0,0,0,False,Z,False,,0
2017-03-29,ORD,LGA,AA,N3MKAA,374,1258,1258,1605,1548,1311,1545,0,0,0,0,0,False,Z,False,,0
2017-03-29,LGA,CLT,AA,N568AA,495,1259,1254,1510,1508,1341,1500,0,0,0,0,0,False,Z,False,,0
2017-03-29,LGA,RSW,DL,N320US,736,1300,1257,1628,1616,1338,1605,0,0,0,0,0,False,Z,False,,0
2017-03-29,LGA,MIA,DL,N909DA,1923,1300,1309,1625,1617,1351,1614,0,0,0,0,0,False,Z,False,,0
2017-03-29,BOS,LGA,DL,N925AT,2679,1300,1312,1420,1418,1329,1413,0,0,0,0,0,False,Z,False,,0
2017-03-29,LGA,BOS,DL,N956AT,2680,1300,1258,1425,1423,1339,1419,0,0,0,0,0,False,Z,False,,0
2017-03-29,LGA,CLT,EV,N723EV,5469,1300,1442,1520,1701,1523,1641,50,0,0,0,51,False,Z,False,,0
2017-03-29,LGA,MIA,AA,N3GMAA,1365,1300,1254,1625,1605,1332,1557,0,0,0,0,0,False,Z,False,,0
2017-03-29,BOS,LGA,AA,N949AA,2162,1300,1255,1425,1403,1312,1357,0,0,0,0,0,False,Z,False,,0
2017-03-29,LGA,BOS,AA,N948AA,2131,1300,1251,1414,1415,1330,1411,0,0,0,0,0,False,Z,False,,0
2017-03-29,ORD,LGA,UA,N828UA,682,1300,1257,1613,1546,1306,1544,0,0,0,0,0,False,Z,False,,0
2017-03-29,STL,LGA,WN,N7752B,142,1300,1303,1615,1619,1320,1614,0,0,0,0,0,False,Z,False,,0
2017-03-29,MCI,LGA,WN,N905WN,4821,1300,1257,1640,1625,1305,1619,0,0,0,0,0,False,Z,False,,0
2017-03-29,GSO,LGA,EV,N712EV,5436,1305,1300,1455,1450,1328,1440,0,0,0,0,0,False,Z,False,,0
2017-03-29,LGA,CLE,EV,N14542,4302,1305,1253,1457,1446,1327,1442,0,0,0,0,0,False,Z,False,,0
2017-03-29,LGA,PIT,EV,N752EV,5220,1306,1300,1450,1453,1349,1450,0,0,0,0,0,False,Z,False,,0
2017-03-29,LGA,ORD,UA,N809UA,345,1308,1259,1444,1448,1334,1436,0,0,0,0,0,False,Z,False,,0
2017-03-29,CLT,LGA,AA,N112AA,2066,1309,1306,1459,1503,1338,1456,0,0,0,0,0,False,Z,False,,0
2017-03-29,FLL,LGA,DL,N934DN,1410,1310,1312,1614,1558,1329,1551,0,0,0,0,0,False,Z,False,,0
2017-03-29,BGR,LGA,EV,N724EV,5386,1310,1440,1459,1613,1454,1607,0,0,0,0,74,False,Z,False,,0
2017-03-29,LGA,PBI,B6,N663JB,1161,1315,1307,1623,1601,1347,1558,0,0,0,0,0,False,Z,False,,0
2017-03-29,LGA,CMH,EV,N717EV,5205,1318,1316,1524,1516,1354,1514,0,0,0,0,0,False,Z,False,,0
2017-03-29,CLE,LGA,EV,N16571,3770,1320,1314,1459,1443,1331,1434,0,0,0,0,0,False,Z,False,,0
2017-03-29,ORD,LGA,AA,N3KPAA,368,1325,1319,1629,1614,1337,1608,0,0,0,0,0,False,Z,False,,0
2017-03-29,LGA,DFW,NK,N524NK,917,1329,1318,1633,1624,1356,1604,0,0,0,0,0,False,Z,False,,0
2017-03-29,LGA,MIA,AA,N3FRAA,2550,1329,1323,1656,1627,1358,1622,0,0,0,0,0,False,Z,False,,0
2017-03-29,DAL,LGA,VX,N522VA,710,1330,1324,1745,1734,1337,1724,0,0,0,0,0,False,Z,False,,0
2017-03-29,MSP,LGA,DL,N358NB,1784,1335,1331,1716,1703,1347,1653,0,0,0,0,0,False,Z,False,,0
2017-03-29,LGA,ATL,AA,N958AA,1678,1336,1333,1617,1603,1401,1550,0,0,0,0,0,False,Z,False,,0
2017-03-29,LGA,ATL,WN,N736SA,1806,1340,1349,1615,1606,1411,1556,0,0,0,0,0,False,Z,False,,0
2017-03-29,LGA,IAH,UA,N839UA,1805,1342,1347,1647,1714,1426,1705,0,0,27,0,0,False,Z,False,,0
2017-03-29,ATL,LGA,DL,N947DN,1586,1345,1345,1600,1546,1358,1540,0,0,0,0,0,False,Z,False,,0
2017-03-29,DTW,LGA,DL,N322US,2231,1351,1346,1541,1523,1404,1517,0,0,0,0,0,False,Z,False,,0
2017-03-29,MIA,LGA,DL,N985AT,1287,1355,1349,1659,1634,1403,1630,0,0,0,0,0,False,Z,False,,0
2017-03-29,LGA,ATL,DL,N951DN,1877,1355,1351,1640,1618,1422,1612,0,0,0,0,0,False,Z,False,,0
2017-03-29,MCO,LGA,DL,N816DN,2649,1359,1352,1640,1617,1403,1613,0,0,0,0,0,False,Z,False,,0
2017-03-29,LGA,BOS,B6,N239JB,832,1359,1349,1521,1453,1414,1447,0,0,0,0,0,False,Z,False,,0
2017-03-29,LGA,BHM,EV,N398CA,5217,1359,1454,1550,1633,1537,1631,43,0,0,0,0,False,Z,False,,0
2017-03-29,LGA,XNA,EV,N758EV,5269,1359,1406,1628,1619,1439,1614,0,0,0,0,0,False,Z,False,,0
2017-03-29,LGA,ORD,OO,N151SY,5810,1400,1353,1538,1555,1432,1541,0,0,17,0,0,False,Z,False,,0
2017-03-29,CLT,LGA,EV,N722EV,5204,1400,1359,1559,1541,1418,1536,0,0,0,0,0,False,Z,False,,0
2017-03-29,CLE,LGA,EV,N391CA,5316,1400,1408,1541,1538,1426,1533,0,0,0,0,0,False,Z,False,,0
2017-03-29,LGA,ORD,AA,N3GSAA,332,1400,1354,1546,1534,1417,1519,0,0,0,0,0,False,Z,False,,0
2017-03-29,LGA,BOS,AA,N950AA,2146,1400,1354,1514,1509,1423,1505,0,0,0,0,0,False,Z,False,,0
2017-03-29,MIA,LGA,F9,N238FR,1596,1405,1359,1714,1648,1418,1644,0,0,0,0,0,False,Z,False,,0
2017-03-29,MIA,LGA,AA,N3NGAA,310,1405,1406,1701,1659,1428,1655,0,0,0,0,0,False,Z,False,,0
2017-03-29,LGA,STL,WN,N280WN,4303,1410,1437,1600,1625,1511,1621,0,0,0,0,25,False,Z,False,,0
2017-03-29,MYR,LGA,NK,N611NK,922,1411,1401,1559,1536,1408,1531,0,0,0,0,0,False,Z,False,,0
2017-03-29,LGA,MSP,DL,N302NB,855,1420,1416,1643,1641,1452,1638,0,0,0,0,0,False,Z,False,,0
2017-03-29,SRQ,LGA,DL,N913DN,2008,1420,1418,1710,1700,1430,1647,0,0,0,0,0,False,Z,False,,0
2017-03-29,LGA,TYS,EV,N724EV,5339,1425,1648,1642,1905,1735,1902,69,0,0,0,74,False,Z,False,,0
2017-03-29,CLT,LGA,AA,N102AA,2068,1425,1423,1614,1604,1441,1601,0,0,0,0,0,False,Z,False,,0
2017-03-29,LGA,MCO,DL,N801DZ,870,1429,1428,1733,1714,1502,1707,0,0,0,0,0,False,Z,False,,0
2017-03-29,LGA,DTW,DL,N960AT,2835,1434,1426,1647,1631,1459,1624,0,0,0,0,0,False,Z,False,,0
2017-03-29,SYR,LGA,EV,N738EV,5188,1434,1604,1550,1706,1612,1656,0,0,0,0,76,False,Z,False,,0
2017-03-29,RIC,LGA,EV,N754EV,5180,1440,1556,1559,1722,1630,1716,0,0,7,0,76,False,Z,False,,0
2017-03-29,DAL,LGA,WN,N444WN,3864,1440,1537,1855,1949,1548,1943,3,0,0,0,51,False,Z,False,,0
2017-03-29,PBI,LGA,DL,N956DN,1174,1445,1443,1744,1726,1456,1708,0,0,0,0,0,False,Z,False,,0
2017-03-29,ATL,LGA,DL,N910DN,2629,1445,1449,1700,1644,1501,1640,0,0,0,0,0,False,Z,False,,0
2017-03-29,LGA,CLT,AA,N915AA,1871,1445,1440,1654,1655,1516,1639,0,0,0,0,0,False,Z,False,,0
2017-03-29,LGA,DFW,AA,N882AA,1112,1448,1436,1800,1747,1513,1731,0,0,0,0,0,False,Z,False,,0
2017-03-29,LGA,SDF,EV,N753EV,5505,1450,1521,1715,1744,1557,1738,0,0,0,0,29,False,Z,False,,0
2017-03-29,LGA,ATL,DL,N845DN,1992,1455,1450,1738,1730,1535,1723,0,0,0,0,0,False,Z,False,,0
2017-03-29,LGA,FLL,B6,N618JB,1171,1455,1445,1819,1750,1520,1745,0,0,0,0,0,False,Z,False,,0
2017-03-29,LGA,CLE,EV,N760EV,5487,1455,1510,1650,1703,1546,1655,0,0,0,0,0,False,Z,False,,0
2017-03-29,RDU,LGA,AA,N965AA,1914,1455,1450,1629,1629,1521,1626,0,0,0,0,0,False,Z,False,,0
2017-03-29,LGA,DEN,UA,N73275,745,1455,1453,1729,1716,1531,1706,0,0,0,0,0,False,Z,False,,0
2017-03-29,LGA,FLL,DL,N908DA,2064,1459,1454,1825,1752,1528,1751,0,0,0,0,0,False,Z,False,,0
2017-03-29,MCI,LGA,EV,N600QX,5134,1459,1533,1859,1914,1543,1900,0,0,0,0,15,False,Z,False,,0
2017-03-29,DFW,LGA,AA,N877AA,2182,1459,1455,1921,1909,1514,1903,0,0,0,0,0,False,Z,False,,0
2017-03-29,BOS,LGA,DL,N956AT,2683,1500,1459,1619,1621,1521,1616,0,0,0,0,0,False,Z,False,,0
2017-03-29,LGA,BOS,DL,N925AT,2684,1500,1456,1625,1632,1542,1624,0,0,0,0,0,False,Z,False,,0
2017-03-29,RDU,LGA,EV,N755EV,5122,1500,1509,1643,1707,1558,1702,9,0,15,0,0,False,Z,False,,0
2017-03-29,LGA,DCA,AA,N949AA,2143,1500,1451,1627,1626,1525,1622,0,0,0,0,0,False,Z,False,,0
2017-03-29,LGA,BOS,AA,N947AA,2172,1500,1454,1612,1618,1529,1610,0,0,0,0,0,False,Z,False,,0
2017-03-29,ORD,LGA,AA,N3CUAA,364,1500,1454,1803,1741,1508,1736,0,0,0,0,0,False,Z,False,,0
2017-03-29,BOS,LGA,AA,N948AA,2131,1500,1451,1627,1601,1507,1558,0,0,0,0,0,False,Z,False,,0
2017-03-29,LGA,ORD,UA,N820UA,765,1500,1457,1640,1645,1534,1632,0,0,0,0,0,False,Z,False,,0
2017-03-29,FLL,LGA,DL,N328NB,2856,1502,1510,1759,1750,1520,1745,0,0,0,0,0,False,Z,False,,0
2017-03-29,LGA,DAL,WN,N226WN,560,1505,1522,1800,1811,1553,1807,0,0,0,0,0,False,Z,False,,0
2017-03-29,LGA,MKE,WN,N7722B,926,1505,1500,1630,1644,1541,1640,0,0,0,0,0,False,Z,False,,0
2017-03-29,MDW,LGA,WN,N443WN,1093,1505,1505,1805,1748,1514,1743,0,0,0,0,0,False,Z,False,,0
2017-03-29,BOS,LGA,B6,N294JB,1231,1510,1459,1644,1612,1518,1606,0,0,0,0,0,False,Z,False,,0
2017-03-29,ORD,LGA,OO,N136SY,5544,1515,1511,1829,1807,1526,1758,0,0,0,0,0,False,Z,False,,0
2017-03-29,LGA,GSO,EV,N707EV,5512,1515,1523,1711,1715,1602,1712,0,0,0,0,0,False,Z,False,,0
2017-03-29,MSP,LGA,DL,N327NB,120,1520,1517,1906,1839,1530,1835,0,0,0,0,0,False,Z,False,,0
2017-03-29,DTW,LGA,DL,N320NB,582,1525,1520,1714,1647,1530,1643,0,0,0,0,0,False,Z,False,,0
2017-03-29,PIT,LGA,EV,N752EV,5202,1525,1520,1650,1633,1531,1628,0,0,0,0,0,False,Z,False,,0
2017-03-29,IND,LGA,WN,N292WN,1154,1525,1524,1720,1706,1533,1659,0,0,0,0,0,False,Z,False,,0
2017-03-29,TPA,LGA,DL,N948DN,2646,1527,1534,1814,1805,1545,1758,0,0,0,0,0,False,Z,False,,0
2017-03-29,LGA,CLE,EV,N16571,4433,1529,1528,1717,1714,1552,1708,0,0,0,0,0,False,Z,False,,0
2017-03-29,LGA,FLL,NK,N658NK,171,1530,1524,1845,1837,1559,1832,0,0,0,0,0,False,Z,False,,0
2017-03-29,LGA,MIA,AA,N876AA,1621,1530,1524,1906,1829,1550,1820,0,0,0,0,0,False,Z,False,,0
2017-03-29,ATL,LGA,WN,N933WN,1396,1530,1527,1745,1734,1545,1728,0,0,0,0,0,False,Z,False,,0
2017-03-29,LGA,RIC,EV,N712EV,5169,1535,1523,1721,1658,1603,1653,0,0,0,0,0,False,Z,False,,0
2017-03-29,IAH,LGA,UA,N891UA,1958,1537,1633,2013,2050,1649,2047,0,0,0,0,37,False,Z,False,,0
2017-03-29,LGA,IAH,UA,N811UA,1782,1540,1730,1852,2027,1804,2018,0,0,0,0,95,False,Z,False,,0
2017-03-29,ATL,LGA,DL,N809DN,1667,1545,1543,1757,1742,1559,1738,0,0,0,0,0,False,Z,False,,0
2017-03-29,LGA,MIA,DL,N367NW,1982,1545,1537,1915,1842,1611,1836,0,0,0,0,0,False,Z,False,,0
2017-03-29,LGA,BUF,EV,N738EV,5341,1549,1743,1724,1859,1802,1853,19,0,0,0,76,False,Z,False,,0
2017-03-29,LGA,CLT,AA,N112AA,1809,1549,1549,1805,1743,1618,1739,0,0,0,0,0,False,Z,False,,0
2017-03-29,MIA,LGA,DL,N360NW,1437,1550,1548,1854,1828,1600,1823,0,0,0,0,0,False,Z,False,,0
2017-03-29,FLL,LGA,B6,N594JB,1272,1550,1730,1850,2013,1743,2006,83,0,0,0,0,False,Z,False,,0
2017-03-29,LGA,TPA,DL,N378NW,786,1551,1547,1912,1839,1615,1837,0,0,0,0,0,False,Z,False,,0
2017-03-29,LGA,ORD,AA,N3PAAA,343,1551,1552,1745,1804,1620,1724,1,0,18,0,0,False,Z,False,,0
2017-03-29,MCO,LGA,DL,N811DZ,1839,1553,1551,1829,1814,1604,1809,0,0,0,0,0,False,Z,False,,0
2017-03-29,LGA,ATL,DL,N333NW,2299,1555,1549,1844,1811,1617,1806,0,0,0,0,0,False,Z,False,,0
2017-03-29,LGA,CMH,EV,N720EV,5163,1555,1549,1801,1800,1637,1756,0,0,0,0,0,False,Z,False,,0
2017-03-29,LGA,PBI,DL,N371NW,2852,1559,1553,1915,1841,1623,1838,0,0,0,0,0,False,Z,False,,0
2017-03-29,CMH,LGA,EV,N717EV,5252,1559,1554,1748,1735,1603,1712,0,0,0,0,0,False,Z,False,,0
2017-03-29,LGA,PBI,B6,N623JB,761,1600,1545,1912,1833,1613,1829,0,0,0,0,0,False,Z,False,,0
2017-03-29,CLT,LGA,EV,N723EV,5257,1600,1743,1806,1930,1801,1925,0,0,0,0,84,False,Z,False,,0
2017-03-29,BOS,LGA,AA,N950AA,2146,1600,1552,1729,1712,1613,1701,0,0,0,0,0,False,Z,False,,0
2017-03-29,ORD,LGA,UA,N809UA,533,1600,1555,1917,1847,1611,1843,0,0,0,0,0,False,Z,False,,0
2017-03-29,LGA,DFW,AA,N893AA,2238,1605,1600,1930,1904,1631,1851,0,0,0,0,0,False,Z,False,,0
2017-03-29,DEN,LGA,UA,N57857,406,1605,1557,2145,2138,1610,2117,0,0,0,0,0,False,Z,False,,0
2017-03-29,DTW,LGA,NK,N626NK,347,1610,1608,1759,1733,1618,1725,0,0,0,0,0,False,Z,False,,0
2017-03-29,CLT,LGA,AA,N912AA,2050,1610,1619,1803,1818,1653,1813,9,0,6,0,0,False,Z,False,,0
2017-03-29,LGA,MDW,WN,N258WN,1102,1610,1610,1745,1733,1638,1729,0,0,0,0,0,False,Z,False,,0
2017-03-29,MIA,LGA,AA,N3ENAA,88,1613,1612,1909,1854,1623,1850,0,0,0,0,0,False,Z,False,,0
2017-03-29,PBI,LGA,DL,N949DN,1902,1614,1622,1914,1859,1634,1854,0,0,0,0,0,False,Z,False,,0
2017-03-29,LGA,STL,EV,N391CA,5225,1621,1614,1824,1758,1642,1755,0,0,0,0,0,False,Z,False,,0
2017-03-29,BHM,LGA,EV,N398CA,5536,1625,1701,2000,2014,1715,2009,0,0,0,0,0,False,Z,False,,0
2017-03-29,IAH,LGA,UA,N37253,1284,1625,1648,2056,2117,1714,2106,0,21,0,0,0,False,Z,False,,0
2017-03-29,LGA,ATL,WN,N250WN,6566,1625,1655,1900,1909,1714,1901,0,0,0,0,0,False,Z,False,,0
2017-03-29,MKE,LGA,WN,N7705A,4351,1625,1625,1930,1926,1641,1918,0,0,0,0,0,False,Z,False,,0
2017-03-29,LGA,MSP,DL,N322US,927,1627,1652,1857,1900,1706,1855,0,0,0,0,0,False,Z,False,,0
2017-03-29,LGA,MCO,B6,N659JB,299,1629,1618,1935,1904,1645,1849,0,0,0,0,0,False,Z,False,,0
2017-03-29,FLL,LGA,NK,N672NK,174,1630,1624,1929,1902,1633,1858,0,0,0,0,0,False,Z,False,,0
2017-03-29,DAL,LGA,VX,N529VA,768,1630,1626,2040,2031,1634,2021,0,0,0,0,0,False,Z,False,,0
2017-03-29,LGA,RDU,EV,N722EV,5376,1630,1622,1829,1812,1651,1808,0,0,0,0,0,False,Z,False,,0
2017-03-29,DEN,LGA,DL,N325NB,2333,1634,1630,2224,2204,1644,2158,0,0,0,0,0,False,Z,False,,0
2017-03-29,DFW,LGA,AA,N930AA,1170,1635,1633,2056,2040,1643,2036,0,0,0,0,0,False,Z,False,,0
2017-03-29,ORD,LGA,AA,N3HVAA,365,1640,1637,1946,1927,1649,1923,0,0,0,0,0,False,Z,False,,0
2017-03-29,BNA,LGA,WN,N794SW,4144,1640,1634,1945,1936,1643,1933,0,0,0,0,0,False,Z,False,,0
2017-03-29,ATL,LGA,DL,N959DN,1886,1645,1644,1905,1839,1656,1833,0,0,0,0,0,False,Z,False,,0
2017-03-29,LGA,IAH,UA,N495UA,119,1645,1635,1956,1941,1659,1935,0,0,0,0,0,False,Z,False,,0
2017-03-29,LGA,DTW,NK,N611NK,922,1649,1636,1856,1832,1653,1825,0,0,0,0,0,False,Z,False,,0
2017-03-29,LGA,ATL,DL,N960DN,1346,1655,1646,1946,1901,1704,1854,0,0,0,0,0,False,Z,False,,0
2017-03-29,LGA,ORD,AA,N3MKAA,345,1655,1647,1854,1841,1700,1806,0,0,0,0,0,False,Z,False,,0
2017-03-29,LGA,BNA,WN,N7752B,3876,1655,1652,1835,1817,1723,1812,0,0,0,0,0,False,Z,False,,0
2017-03-29,LGA,HOU,WN,N8314L,1879,1655,1652,2010,1957,1708,1950,0,0,0,0,0,False,Z,False,,0
2017-03-29,ATL,LGA,AA,N958AA,1678,1657,1654,1914,1849,1705,1846,0,0,0,0,0,False,Z,False,,0
2017-03-29,LGA,BOS,DL,N956AT,2688,1659,1655,1824,1809,1719,1802,0,0,0,0,0,False,Z,False,,0
2017-03-29,LGA,CLT,EV,N738EV,5275,1659,9999,1917,9999,9999,9999,9999,9999,9999,9999,9999,True,A,False,,0
2017-03-29,LGA,CLE,EV,N754EV,5330,1659,1750,1857,1929,1815,1924,0,0,0,0,32,False,Z,False,,0
2017-03-29,BOS,LGA,DL,N925AT,2687,1700,1700,1820,1826,1733,1821,0,0,0,0,0,False,Z,False,,0
2017-03-29,LGA,BOS,AA,N948AA,2141,1700,1653,1825,1804,1715,1758,0,0,0,0,0,False,Z,False,,0
2017-03-29,DCA,LGA,AA,N949AA,2153,1700,1658,1829,1809,1720,1804,0,0,0,0,0,False,Z,False,,0
2017-03-29,BOS,LGA,AA,N947AA,2172,1700,1655,1829,1810,1716,1803,0,0,0,0,0,False,Z,False,,0
2017-03-29,ORD,LGA,UA,N843UA,263,1700,1819,2017,2133,1845,2122,0,0,0,0,76,False,Z,False,,0
2017-03-29,LGA,ORD,UA,N828UA,689,1700,1707,1844,1854,1735,1839,0,0,0,0,0,False,Z,False,,0
2017-03-29,LGA,DTW,DL,N309US,2807,1705,1712,1920,1917,1737,1911,0,0,0,0,0,False,Z,False,,0
2017-03-29,MIA,LGA,DL,N909DA,2820,1705,1703,2010,1953,1723,1947,0,0,0,0,0,False,Z,False,,0
2017-03-29,MIA,LGA,AA,N3AMAA,2240,1707,1722,2005,2017,1739,2004,0,0,0,0,0,False,Z,False,,0
2017-03-29,LGA,CLT,AA,N102AA,1921,1708,1719,1929,1919,1754,1915,0,0,0,0,0,False,Z,False,,0
2017-03-29,DFW,LGA,AA,N888AA,1164,1709,1704,2129,2107,1717,2101,0,0,0,0,0,False,Z,False,,0
2017-03-29,MSY,LGA,DL,N323NB,2135,1715,1716,2115,2104,1731,2056,0,0,0,0,0,False,Z,False,,0
2017-03-29,MCO,LGA,B6,N621JB,1198,1715,1711,2004,9999,1726,9999,9999,9999,9999,9999,9999,False,Z,True,False,1
2017-03-29,BOS,LGA,B6,N239JB,1331,1715,1710,1852,1838,1748,1832,0,0,0,0,0,False,Z,False,,0
2017-03-29,LGA,DEN,WN,N905WN,4822,1715,1721,1945,1943,1747,1935,0,0,0,0,0,False,Z,False,,0
2017-03-29,MDW,LGA,WN,N7706A,4455,1715,1714,2015,2003,1727,1956,0,0,0,0,0,False,Z,False,,0
2017-03-29,LGA,MIA,AA,N989AA,1366,1716,1725,2055,2031,1753,2020,0,0,0,0,0,False,Z,False,,0
2017-03-29,XNA,LGA,EV,N758EV,5520,1720,1706,2119,2048,1727,2043,0,0,0,0,0,False,Z,False,,0
2017-03-29,LGA,ATL,AA,N965AA,1819,1720,1714,2010,1941,1739,1935,0,0,0,0,0,False,Z,False,,0
2017-03-29,LGA,PIT,EV,N755EV,5332,1723,1737,1908,1912,1811,1906,0,0,0,0,0,False,Z,False,,0
2017-03-29,LGA,ATL,DL,N947DN,709,1725,1718,2018,1944,1745,1936,0,0,0,0,0,False,Z,False,,0
2017-03-29,DTW,LGA,DL,N340NB,876,1730,1721,1923,1846,1732,1840,0,0,0,0,0,False,Z,False,,0
2017-03-29,LGA,BOS,B6,N294JB,1232,1730,1720,1854,1828,1743,1822,0,0,0,0,0,False,Z,False,,0
2017-03-29,LGA,RDU,EV,N752EV,5540,1730,1721,1932,1912,1800,1908,0,0,0,0,0,False,Z,False,,0
2017-03-29,CLE,LGA,EV,N760EV,5182,1730,1730,1911,1853,1747,1849,0,0,0,0,0,False,Z,False,,0
2017-03-29,LGA,ORD,AA,N3KPAA,355,1730,1723,1926,1921,1750,1904,0,0,0,0,0,False,Z,False,,0
2017-03-29,MIA,LGA,AA,N3NRAA,2550,1733,1730,2029,2030,1745,2012,0,0,0,0,0,False,Z,False,,0
2017-03-29,LGA,MCO,DL,N816DN,1585,1735,1734,2041,2023,1810,2014,0,0,0,0,0,False,Z,False,,0
2017-03-29,MSP,LGA,DL,N3773D,2296,1740,1802,2129,2133,1822,2128,0,0,0,0,0,False,Z,False,,0
2017-03-29,LGA,FLL,DL,N910DN,1702,1745,1742,2115,2039,1812,2036,0,0,0,0,0,False,Z,False,,0
2017-03-29,ATL,LGA,DL,N345NW,2784,1745,1849,2003,2046,1900,2040,43,0,0,0,0,False,Z,False,,0
2017-03-29,DAL,LGA,WN,N466WN,1029,1745,1807,2155,2219,1823,2213,0,0,2,0,22,False,Z,False,,0
2017-03-29,DEN,LGA,UA,N430UA,2014,1750,1748,2336,2323,1759,2317,0,0,0,0,0,False,Z,False,,0
2017-03-29,DEN,LGA,WN,N954WN,1682,1750,1752,2325,2320,1803,2313,0,0,0,0,0,False,Z,False,,0
2017-03-29,TYS,LGA,EV,N724EV,5253,1751,1924,2000,2132,1948,2126,0,0,0,0,92,False,Z,False,,0
2017-03-29,CLE,LGA,EV,N15572,4314,1753,1744,1929,1912,1801,1907,0,0,0,0,0,False,Z,False,,0
2017-03-29,LGA,ATL,DL,N934DN,1832,1755,1750,2048,2016,1817,2008,0,0,0,0,0,False,Z,False,,0
2017-03-29,SDF,LGA,EV,N753EV,5521,1755,1809,2006,2001,1820,1954,0,0,0,0,0,False,Z,False,,0
2017-03-29,ORD,LGA,AA,N3BTAA,352,1755,1749,2101,2044,1804,2038,0,0,0,0,0,False,Z,False,,0
2017-03-29,LGA,DFW,AA,N3NGAA,2525,1755,1751,2117,2042,1814,2038,0,0,0,0,0,False,Z,False,,0
2017-03-29,IAH,LGA,UA,N17719,1439,1755,2002,2230,3,2018,1,4,0,0,0,89,False,Z,False,,0
2017-03-29,LGA,STL,WN,N292WN,4053,1755,1756,1955,1938,1824,1933,0,0,0,0,0,False,Z,False,,0
2017-03-29,LGA,MSY,DL,N320NB,951,1756,1749,2042,2012,1825,2007,0,0,0,0,0,False,Z,False,,0
2017-03-29,RIC,LGA,EV,N712EV,5237,1756,1749,1933,1915,1814,1906,0,0,0,0,0,False,Z,False,,0
2017-03-29,ORD,LGA,NK,N621NK,630,1759,1752,2112,2045,1808,2042,0,0,0,0,0,False,Z,False,,0
2017-03-29,LGA,DEN,DL,N358NB,834,1759,1812,2047,2025,1834,2018,0,0,0,0,0,False,Z,False,,0
2017-03-29,LGA,ATL,F9,N238FR,423,1759,1755,2047,2030,1828,2021,0,0,0,0,0,False,Z,False,,0
2017-03-29,BUF,LGA,EV,N738EV,5337,1759,1921,1927,2035,1934,2031,0,0,0,0,68,False,Z,False,,0
2017-03-29,MIA,LGA,AA,N876AA,1203,1759,1927,2057,2208,1940,2204,0,0,0,0,71,False,Z,False,,0
2017-03-29,LGA,DCA,AA,N950AA,2145,1800,1753,1939,1940,1827,1916,0,0,0,0,0,False,Z,False,,0
2017-03-29,FLL,LGA,B6,N509JB,672,1802,1757,2105,2038,1812,2034,0,0,0,0,0,False,Z,False,,0
2017-03-29,GSO,LGA,EV,N707EV,5452,1803,1756,2000,1934,1814,1928,0,0,0,0,0,False,Z,False,,0
2017-03-29,LGA,DFW,AA,N991AA,1140,1810,1803,2131,2054,1830,2044,0,0,0,0,0,False,Z,False,,0
2017-03-29,ORD,LGA,UA,N14219,692,1815,1900,2129,2158,1920,2153,29,0,0,0,0,False,Z,False,,0
2017-03-29,LGA,DAL,WN,N933WN,1660,1820,1818,2130,2109,1845,2105,0,0,0,0,0,False,Z,False,,0
2017-03-29,DFW,LGA,AA,N874AA,126,1823,1827,2242,2228,1842,2225,0,0,0,0,0,False,Z,False,,0
2017-03-29,LGA,DEN,UA,N27239,509,1824,1819,2058,2047,1845,2035,0,0,0,0,0,False,Z,False,,0
2017-03-29,HOU,LGA,WN,N296WN,858,1825,1947,2240,2350,1954,2345,61,0,0,0,9,False,Z,False,,0
2017-03-29,LGA,DTW,DL,N913DN,2131,1829,1823,2046,2034,1857,2027,0,0,0,0,0,False,Z,False,,0
2017-03-29,LGA,GSO,EV,N717EV,5160,1829,1922,2032,2118,2009,2116,46,0,0,0,0,False,Z,False,,0
2017-03-29,LGA,DAL,VX,N522VA,769,1830,1822,2135,2114,1850,2108,0,0,0,0,0,False,Z,False,,0
2017-03-29,CLT,LGA,AA,N836AA,1740,1830,1825,2028,2022,1859,2016,0,0,0,0,0,False,Z,False,,0
2017-03-29,LGA,MSP,DL,N328NB,2292,1840,1836,2102,2104,1924,2101,0,0,0,0,0,False,Z,False,,0
2017-03-29,CMH,LGA,EV,N720EV,5453,1840,1832,2030,2014,1852,2007,0,0,0,0,0,False,Z,False,,0
2017-03-29,LGA,IAH,UA,N816UA,1167,1840,1243,2148,1625,1322,1615,877,0,34,0,206,False,Z,False,,0
2017-03-29,LGA,MYR,NK,N626NK,347,1844,1837,2042,2043,1920,2039,0,0,0,0,0,False,Z,False,,0
2017-03-29,ATL,LGA,DL,N332NW,2652,1845,1839,2102,2037,1850,2028,0,0,0,0,0,False,Z,False,,0
2017-03-29,LGA,MDW,WN,N443WN,1094,1845,1838,2030,2022,1921,2015,0,0,0,0,0,False,Z,False,,0
2017-03-29,MCO,LGA,AA,N3MLAA,2285,1848,1857,2129,2130,1911,2120,0,0,0,0,0,False,Z,False,,0
2017-03-29,ORD,LGA,AA,N3PAAA,336,1849,1853,2159,2150,1909,2146,0,0,0,0,0,False,Z,False,,0
2017-03-29,RSW,LGA,DL,N320US,1872,1855,1851,2156,2133,1902,2127,0,0,0,0,0,False,Z,False,,0
2017-03-29,LGA,ATL,DL,N809DN,2248,1855,1852,2145,2127,1933,2120,0,0,0,0,0,False,Z,False,,0
2017-03-29,PBI,LGA,B6,N595JB,1262,1855,1848,2150,2140,1900,2123,0,0,0,0,0,False,Z,False,,0
2017-03-29,LGA,PBI,DL,N956DN,840,1859,1858,2223,2208,1948,2204,0,0,0,0,0,False,Z,False,,0
2017-03-29,LGA,CLE,EV,N723EV,5522,1859,2001,2057,2205,2053,2200,0,0,6,0,62,False,Z,False,,0
2017-03-29,STL,LGA,EV,N391CA,5264,1859,1850,2229,2158,1859,2150,0,0,0,0,0,False,Z,False,,0
2017-03-29,LGA,ORD,AA,N3CUAA,359,1859,1855,2053,2119,1930,2031,0,0,26,0,0,False,Z,False,,0
2017-03-29,LGA,CLT,AA,N912AA,687,1859,1858,2122,2132,1957,2125,0,0,0,0,0,False,Z,False,,0
2017-03-29,BOS,LGA,DL,N956AT,2691,1900,1853,2035,2023,1930,2017,0,0,0,0,0,False,Z,False,,0
2017-03-29,LGA,BOS,DL,N985AT,2692,1900,1855,2032,2026,1938,2020,0,0,0,0,0,False,Z,False,,0
2017-03-29,BOS,LGA,AA,N948AA,2141,1900,1854,2028,2013,1918,2003,0,0,0,0,0,False,Z,False,,0
2017-03-29,LGA,DCA,AA,N949AA,2153,1900,1856,2039,2035,1946,2029,0,0,0,0,0,False,Z,False,,0
2017-03-29,LGA,BOS,AA,N947AA,2122,1900,1853,2026,2023,1936,2018,0,0,0,0,0,False,Z,False,,0
2017-03-29,LGA,ORD,OO,N136SY,5968,1905,1857,2100,2115,1955,2059,0,0,15,0,0,False,Z,False,,0
2017-03-29,FLL,LGA,DL,N908DA,952,1910,1906,2215,2149,1917,2143,0,0,0,0,0,False,Z,False,,0
2017-03-29,MCO,LGA,B6,N584JB,698,1913,1911,2159,2158,1924,2136,0,0,0,0,0,False,Z,False,,0
2017-03-29,ORD,LGA,UA,N33286,1023,1919,1918,2233,2215,1933,2205,0,0,0,0,0,False,Z,False,,0
2017-03-29,IAH,LGA,UA,N13716,1501,1920,1926,2349,2342,1945,2338,0,0,0,0,0,False,Z,False,,0
2017-03-29,LGA,MIA,DL,N373NW,896,1929,1925,2259,2244,2011,2240,0,0,0,0,0,False,Z,False,,0
2017-03-29,LGA,BOS,B6,N239JB,1332,1930,1922,2053,2050,2006,2042,0,0,0,0,0,False,Z,False,,0
2017-03-29,BOS,LGA,B6,N294JB,1431,1930,1930,2059,2059,2000,2049,0,0,0,0,0,False,Z,False,,0
2017-03-29,MIA,LGA,AA,N3AUAA,1367,1934,1930,2231,2216,1941,2211,0,0,0,0,0,False,Z,False,,0
2017-03-29,CLE,LGA,EV,N754EV,5331,1935,1953,2115,2116,2003,2108,0,0,0,0,0,False,Z,False,,0
2017-03-29,LGA,RSW,DL,N360NW,729,1940,1937,2311,2254,2018,2250,0,0,0,0,0,False,Z,False,,0
2017-03-29,PIT,LGA,EV,N755EV,5302,1943,1941,2119,2116,1955,2055,0,0,0,0,0,False,Z,False,,0
2017-03-29,MSP,LGA,DL,N322US,1596,1945,1944,2329,2306,1956,2300,0,0,0,0,0,False,Z,False,,0
2017-03-29,ATL,LGA,DL,N353NB,2186,1945,1940,2206,2135,1949,2130,0,0,0,0,0,False,Z,False,,0
2017-03-29,LGA,FLL,B6,N594JB,1271,1945,2109,2256,20,2158,17,16,0,0,0,68,False,Z,False,,0
2017-03-29,STL,LGA,WN,N249WN,707,1945,1951,2300,2256,2001,2250,0,0,0,0,0,False,Z,False,,0
2017-03-29,LGA,IND,WN,N444WN,3865,1950,2019,2225,2248,2103,2244,0,0,0,0,23,False,Z,False,,0
2017-03-29,LGA,ATL,DL,N949DN,675,1955,1950,2242,2218,2029,2213,0,0,0,0,0,False,Z,False,,0
2017-03-29,TPA,LGA,DL,N378NW,842,1955,1948,2240,2207,1956,2200,0,0,0,0,0,False,Z,False,,0
2017-03-29,DTW,LGA,DL,N987DN,973,1955,1949,2153,2136,2016,2132,0,0,0,0,0,False,Z,False,,0
2017-03-29,MIA,LGA,DL,N367NW,2168,1955,1950,2259,2237,2007,2232,0,0,0,0,0,False,Z,False,,0
2017-03-29,PBI,LGA,DL,N371NW,2370,1955,1947,2246,2226,2001,2221,0,0,0,0,0,False,Z,False,,0
2017-03-29,LGA,FLL,DL,N327NB,2798,1955,1952,2319,2254,2024,2251,0,0,0,0,0,False,Z,False,,0
2017-03-29,LGA,RIC,EV,N760EV,5405,1955,1946,2140,2118,2021,2113,0,0,0,0,0,False,Z,False,,0
2017-03-29,LGA,TPA,DL,N959DN,2169,1959,1955,2319,2258,2035,2256,0,0,0,0,0,False,Z,False,,0
2017-03-29,LGA,GRR,EV,N600QX,5409,1959,1951,2222,2205,2027,2201,0,0,0,0,0,False,Z,False,,0
2017-03-29,LGA,MIA,AA,N3ENAA,1389,1959,1955,2330,2304,2032,2254,0,0,0,0,0,False,Z,False,,0
2017-03-29,LGA,ATL,AA,N958AA,1687,1959,2100,2244,2343,2151,2337,59,0,0,0,0,False,Z,False,,0
2017-03-29,CLT,LGA,EV,N738EV,5260,2000,9999,2205,9999,9999,9999,9999,9999,9999,9999,9999,True,A,False,,0
2017-03-29,LGA,MKE,WN,N7705A,668,2000,1953,2140,2136,2033,2130,0,0,0,0,0,False,Z,False,,0
2017-03-29,LGA,ORD,UA,N809UA,556,2005,1959,2140,2215,2105,2206,0,0,35,0,0,False,Z,False,,0
2017-03-29,MIA,LGA,AA,N3MPAA,2325,2007,2003,2309,2252,2026,2248,0,0,0,0,0,False,Z,False,,0
2017-03-29,LGA,MCI,EV,N738EV,5213,2010,2144,2242,2359,2208,2350,9,0,0,0,68,False,Z,False,,0
2017-03-29,ORD,LGA,AA,N3FDAA,1032,2010,2025,2316,2312,2038,2309,0,0,0,0,0,False,Z,False,,0
2017-03-29,LGA,OMA,EV,N712EV,5549,2015,2003,2249,2246,2054,2242,0,0,0,0,0,False,Z,False,,0
2017-03-29,CLT,LGA,AA,N179AA,1954,2021,2043,2216,2221,2059,2217,0,0,0,0,0,False,Z,False,,0
2017-03-29,FLL,LGA,NK,N658NK,710,2025,2022,2318,2304,2036,2257,0,0,0,0,0,False,Z,False,,0
2017-03-29,MDW,LGA,WN,N283WN,4452,2025,2023,2325,2312,2033,2302,0,0,0,0,0,False,Z,False,,0
2017-03-29,PHL,LGA,AA,N961AA,2074,2027,2020,2129,2110,2038,2104,0,0,0,0,0,False,Z,False,,0
2017-03-29,ATL,LGA,AA,N954AA,1833,2028,2029,2244,2232,2049,2228,0,0,0,0,0,False,Z,False,,0
2017-03-29,LGA,FLL,NK,N672NK,779,2029,2022,2334,2337,2111,2331,0,0,0,0,0,False,Z,False,,0
2017-03-29,MIA,LGA,AA,N3GEAA,376,2030,2025,2331,2324,2052,2319,0,0,0,0,0,False,Z,False,,0
2017-03-29,LGA,ATL,WN,N794SW,4145,2030,2025,2310,2314,2121,2307,0,0,0,0,0,False,Z,False,,0
2017-03-29,LGA,CAE,EV,N398CA,5557,2040,2048,2300,2315,2143,2310,1,0,7,0,7,False,Z,False,,0
2017-03-29,LGA,MSN,EV,N724EV,5152,2040,2201,2229,2334,2231,2331,0,0,0,0,65,False,Z,False,,0
2017-03-29,FLL,LGA,B6,N298JB,1472,2045,2041,2339,2325,2057,2322,0,0,0,0,0,False,Z,False,,0
2017-03-29,ORD,LGA,UA,N464UA,698,2055,2050,4,2338,2105,2335,0,0,0,0,0,False,Z,False,,0
2017-03-29,ATL,LGA,WN,N732SW,1201,2055,2052,2310,2259,2106,2244,0,0,0,0,0,False,Z,False,,0
2017-03-29,LGA,MDW,WN,N7706A,789,2055,2045,2230,2223,2134,2219,0,0,0,0,0,False,Z,False,,0
2017-03-29,LGA,BHM,EV,N753EV,5367,2059,2054,2249,2243,2147,2240,0,0,0,0,0,False,Z,False,,0
2017-03-29,LGA,BOS,DL,N956AT,2669,2100,2056,2229,2228,2145,2222,0,0,0,0,0,False,Z,False,,0
2017-03-29,LGA,MCO,B6,N584JB,499,2100,2243,2355,106,2259,102,71,0,0,0,0,False,Z,False,,0
2017-03-29,LGA,MIA,AA,N3AMAA,2240,2100,2104,19,26,2152,21,0,0,0,0,0,False,Z,False,,0
2017-03-29,LGA,ORD,AA,N3HVAA,371,2100,2056,2247,2248,2138,2241,0,0,0,0,0,False,Z,False,,0
2017-03-29,LGA,LEX,EV,N720EV,5354,2110,2055,2327,2331,2154,2328,0,0,0,0,0,False,Z,False,,0
2017-03-29,ATL,LGA,DL,N821DN,906,2125,2125,2341,2317,2133,2311,0,0,0,0,0,False,Z,False,,0
2017-03-29,LGA,FLL,B6,N509JB,1371,2150,2142,50,34,2206,30,0,0,0,0,0,False,Z,False,,0
2017-03-29,LGA,BUF,DL,N323NB,316,2155,2149,2320,2312,2214,2306,0,0,0,0,0,False,Z,False,,0
2017-03-29,LGA,SYR,EV,N754EV,5235,2155,2149,2303,2259,2220,2256,0,0,0,0,0,False,Z,False,,0
2017-03-29,LGA,ORD,NK,N621NK,331,2159,2150,2326,2319,2210,2313,0,0,0,0,0,False,Z,False,,0
2017-03-29,LGA,BOS,DL,N928AT,2696,2159,2201,2315,2309,2226,2303,0,0,0,0,0,False,Z,False,,0
2017-03-29,LGA,PWM,EV,N755EV,5279,2159,2150,2315,2309,2216,2306,0,0,0,0,0,False,Z,False,,0
2017-03-29,DCA,LGA,AA,N949AA,2117,2200,2153,2312,2258,2206,2253,0,0,0,0,0,False,Z,False,,0
2017-03-29,CLT,LGA,AA,N123AA,1981,2201,2205,2347,2336,2217,2333,0,0,0,0,0,False,Z,False,,0
