index,FlightDate,Origin,Dest,Reporting_Airline,Tail_Number,Flight_Number_Reporting_Airline,CRSDepTime,DepTime,CRSArrTime,ArrTime,WheelsOff,WheelsOn,CarrierDelay,WeatherDelay,NASDelay,SecurityDelay,LateAircraftDelay,Cancelled,Diverted,CancellationCode
502154,2005-12-20,LGA,CVG,DL,N393DA,1081,530,538,744,734,550,727,0,0,0,0,0,False,False,Z
502155,2005-12-20,PWM,LGA,OH,N809CA,5542,530,520,700,651,549,640,0,0,0,0,0,False,False,Z
502156,2005-12-20,LGA,IAH,CO,N33284,633,545,555,840,845,617,838,0,0,0,0,0,False,False,Z
502157,2005-12-20,CMH,LGA,MQ,,4863,545,9999,727,9999,9999,9999,9999,9999,9999,9999,9999,True,False,A
502158,2005-12-20,SAV,LGA,OH,N403CA,5599,545,545,758,757,553,730,0,0,0,0,0,False,False,Z
502159,2005-12-20,BGR,LGA,MQ,N730KW,4867,550,545,720,707,555,700,0,0,0,0,0,False,False,Z
502160,2005-12-20,LGA,ORD,AA,N572AA,301,600,600,728,727,625,720,0,0,0,0,0,False,False,Z
502161,2005-12-20,ORD,LGA,AA,N271AA,398,600,556,900,855,610,852,0,0,0,0,0,False,False,Z
502162,2005-12-20,LGA,MIA,AA,N3DAAA,413,600,602,855,859,614,854,0,0,0,0,0,False,False,Z
502163,2005-12-20,LGA,DFW,AA,N3ALAA,701,600,601,855,847,613,832,0,0,0,0,0,False,False,Z
502164,2005-12-20,STL,LGA,AA,N536AA,2028,600,555,917,920,615,914,0,0,0,0,0,False,False,Z
502165,2005-12-20,LGA,FLL,B6,N506JB,371,600,617,900,915,633,910,0,0,0,15,0,False,False,Z
502166,2005-12-20,LGA,ATL,DL,N3765,935,600,556,828,811,610,800,0,0,0,0,0,False,False,Z
502167,2005-12-20,BOS,LGA,DL,N915DL,1905,600,559,659,657,616,654,0,0,0,0,0,False,False,Z
502168,2005-12-20,LGA,ATL,FL,N273AT,303,600,556,820,827,618,816,0,0,0,0,0,False,False,Z
502169,2005-12-20,RDU,LGA,MQ,N729AE,4751,600,604,739,742,628,731,0,0,0,0,0,False,False,Z
502170,2005-12-20,DTW,LGA,MQ,N722AE,4877,600,606,749,743,621,735,0,0,0,0,0,False,False,Z
502171,2005-12-20,LGA,DTW,NW,N523US,343,600,600,758,800,623,746,0,0,0,0,0,False,False,Z
502172,2005-12-20,RDU,LGA,OH,N812CA,5222,600,550,738,707,558,657,0,0,0,0,0,False,False,Z
502173,2005-12-20,CHS,LGA,OH,N487CA,5376,600,550,754,735,603,726,0,0,0,0,0,False,False,Z
502174,2005-12-20,TYS,LGA,OH,N814CA,4943,600,555,812,828,610,744,0,0,16,0,0,False,False,Z
502175,2005-12-20,DCA,LGA,OH,N986CA,5618,600,600,659,651,607,646,0,0,0,0,0,False,False,Z
502176,2005-12-20,LGA,DCA,OH,N729CA,5617,600,600,659,715,628,708,0,0,16,0,0,False,False,Z
502177,2005-12-20,LGA,MDW,TZ,N315TZ,4219,600,557,720,722,629,716,0,0,0,0,0,False,False,Z
502178,2005-12-20,LGA,ORD,UA,N851UA,667,600,552,725,706,612,702,0,0,0,0,0,False,False,Z
502179,2005-12-20,ORD,LGA,UA,N801UA,668,600,602,904,902,619,859,0,0,0,0,0,False,False,Z
502180,2005-12-20,LGA,DEN,UA,N410UA,873,600,556,823,804,619,756,0,0,0,0,0,False,False,Z
502181,2005-12-20,LGA,BOS,US,N752UW,2114,600,556,652,655,607,644,0,0,0,0,0,False,False,Z
502182,2005-12-20,LGA,DCA,US,N733UW,2161,600,559,659,700,616,658,0,0,0,0,0,False,False,Z
502183,2005-12-20,BOS,LGA,US,N744UW,2115,600,555,707,656,608,650,0,0,0,0,0,False,False,Z
502184,2005-12-20,DCA,LGA,US,N740UW,2158,600,556,700,648,605,643,0,0,0,0,0,False,False,Z
502185,2005-12-20,FLL,LGA,B6,N618JB,370,605,602,900,834,610,830,0,0,0,0,0,False,False,Z
502186,2005-12-20,LGA,XNA,MQ,N715AE,4834,605,604,837,825,622,822,0,0,0,0,0,False,False,Z
502187,2005-12-20,RIC,LGA,OH,N488CA,5259,615,615,738,728,631,720,0,0,0,0,0,False,False,Z
502188,2005-12-20,MDW,LGA,TZ,N321TZ,4224,615,635,912,926,644,922,0,0,0,0,0,False,False,Z
502189,2005-12-20,LGA,PIT,US,N751UW,133,615,608,739,750,621,719,0,0,0,0,0,False,False,Z
502190,2005-12-20,LGA,BNA,AA,N3BAAA,1977,620,617,742,738,631,731,0,0,0,0,0,False,False,Z
502191,2005-12-20,CLE,LGA,MQ,N711PH,4886,620,616,755,748,630,740,0,0,0,0,0,False,False,Z
502192,2005-12-20,LGA,MSP,NW,N553NW,101,620,623,823,816,640,810,0,0,0,0,0,False,False,Z
502193,2005-12-20,LGA,ORD,AA,N554AA,303,630,627,800,752,655,746,0,0,0,0,0,False,False,Z
502194,2005-12-20,DFW,LGA,AA,N469AA,700,630,624,1048,1036,639,1032,0,0,0,0,0,False,False,Z
502195,2005-12-20,LGA,DFW,AA,N3CGAA,705,630,633,929,914,645,903,0,0,0,0,0,False,False,Z
502196,2005-12-20,MCI,LGA,AA,N553AA,1030,630,628,1010,1017,636,1007,0,0,0,0,0,False,False,Z
502197,2005-12-20,LGA,STL,AA,N221AA,1729,630,629,819,807,653,803,0,0,0,0,0,False,False,Z
502198,2005-12-20,LGA,CLE,CO,N14664,451,630,629,808,801,646,752,0,0,0,0,0,False,False,Z
502199,2005-12-20,ATL,LGA,DL,N375DA,474,630,633,836,833,647,821,0,0,0,0,0,False,False,Z
502200,2005-12-20,BOS,LGA,DL,N908DE,1907,630,631,742,732,648,729,0,0,0,0,0,False,False,Z
502201,2005-12-20,LGA,BOS,DL,N910DE,1908,630,629,732,741,652,731,0,0,0,0,0,False,False,Z
502202,2005-12-20,LGA,DCA,DL,N909DE,1941,630,628,729,728,643,725,0,0,0,0,0,False,False,Z
502203,2005-12-20,LGA,RDU,MQ,N718AE,4724,630,627,808,751,638,748,0,0,0,0,0,False,False,Z
502204,2005-12-20,GRR,LGA,MQ,N704PG,4922,630,626,829,827,638,805,0,0,0,0,0,False,False,Z
502205,2005-12-20,DTW,LGA,NW,N512US,1194,635,636,819,807,651,800,0,0,0,0,0,False,False,Z
502206,2005-12-20,MIA,LGA,AA,N3CLAA,1402,638,635,929,924,652,920,0,0,0,0,0,False,False,Z
502207,2005-12-20,LGA,CVG,DL,N992DL,1572,645,639,900,839,659,831,0,0,0,0,0,False,False,Z
502208,2005-12-20,PHF,LGA,FL,N943AT,970,645,640,759,754,646,741,0,0,0,0,0,False,False,Z
502209,2005-12-20,LGA,MEM,NW,N344NW,1968,648,655,848,844,714,836,0,0,0,0,0,False,False,Z
502210,2005-12-20,IAH,LGA,CO,N16713,1032,650,649,1104,1101,707,1056,0,0,0,0,0,False,False,Z
502211,2005-12-20,DCA,LGA,DL,N917DL,1940,650,651,749,758,708,753,0,0,0,0,0,False,False,Z
502212,2005-12-20,LGA,CLT,US,N173UW,31,650,646,845,833,703,829,0,0,0,0,0,False,False,Z
502213,2005-12-20,CAE,LGA,OH,N506CA,5132,653,653,853,900,710,825,0,0,0,0,0,False,False,Z
502214,2005-12-20,LGA,IAH,CO,N19638,333,655,704,955,1008,730,1001,0,0,0,0,0,False,False,Z
502215,2005-12-20,LGA,CLT,MQ,N721HS,4893,655,709,856,904,733,858,0,0,0,0,0,False,False,Z
502216,2005-12-20,LGA,DFW,AA,N3BWAA,719,658,655,1001,941,709,930,0,0,0,0,0,False,False,Z
502217,2005-12-20,LGA,FLL,AA,N543AA,2039,659,726,1008,1041,744,1037,27,0,6,0,0,False,False,Z
502218,2005-12-20,LGA,ATL,FL,N892AT,363,659,659,935,915,711,903,0,0,0,0,0,False,False,Z
502219,2005-12-20,DCA,LGA,MQ,N845AE,4795,659,651,813,815,702,747,0,0,0,0,0,False,False,Z
502220,2005-12-20,LGA,ORD,AA,N583AA,305,700,657,836,842,731,828,0,0,0,0,0,False,False,Z
502221,2005-12-20,ORD,LGA,AA,N288AA,394,700,656,1002,956,708,953,0,0,0,0,0,False,False,Z
502222,2005-12-20,ATL,LGA,AA,N3BHAA,1142,700,725,859,917,736,913,18,0,0,0,0,False,False,Z
502223,2005-12-20,LGA,ATL,DL,N177DZ,678,700,702,933,916,722,908,0,0,0,0,0,False,False,Z
502224,2005-12-20,LGA,DCA,MQ,N826AE,4788,700,650,819,752,705,749,0,0,0,0,0,False,False,Z
502225,2005-12-20,LGA,BOS,MQ,N709GB,4803,700,657,814,805,716,755,0,0,0,0,0,False,False,Z
502226,2005-12-20,BOS,LGA,MQ,N723AE,4806,700,659,822,804,714,756,0,0,0,0,0,False,False,Z
502227,2005-12-20,CLT,LGA,OH,N819CA,5098,700,657,900,910,720,841,0,0,0,0,0,False,False,Z
502228,2005-12-20,LGA,RSW,OH,N368CA,5269,700,730,1010,1050,754,1044,30,0,10,0,0,False,False,Z
502229,2005-12-20,LGA,MDW,TZ,N319TZ,4225,700,705,820,816,725,807,0,0,0,0,0,False,False,Z
502230,2005-12-20,LGA,ORD,UA,N823UA,669,700,700,833,824,726,817,0,0,0,0,0,False,False,Z
502231,2005-12-20,ORD,LGA,UA,N924UA,670,700,701,1005,1005,714,1002,0,0,0,0,0,False,False,Z
502232,2005-12-20,LGA,BOS,US,N737UW,2116,700,656,803,750,707,744,0,0,0,0,0,False,False,Z
502233,2005-12-20,LGA,DCA,US,N760UW,2163,700,656,759,754,712,752,0,0,0,0,0,False,False,Z
502234,2005-12-20,BOS,LGA,US,N766UW,2117,700,652,808,800,710,751,0,0,0,0,0,False,False,Z
502235,2005-12-20,DCA,LGA,US,N758UW,2160,700,659,805,803,712,757,0,0,0,0,0,False,False,Z
502236,2005-12-20,MSP,LGA,NW,N503US,596,704,701,1045,1036,711,1023,0,0,0,0,0,False,False,Z
502237,2005-12-20,LGA,TPA,DL,N6716C,2063,705,709,1003,1003,723,959,0,0,0,0,0,False,False,Z
502238,2005-12-20,CLT,LGA,MQ,N706RG,4892,705,659,904,843,719,838,0,0,0,0,0,False,False,Z
502239,2005-12-20,BNA,LGA,AA,N533AA,1088,715,711,1019,1024,732,1016,0,0,0,0,0,False,False,Z
502240,2005-12-20,GSP,LGA,OH,N991cA,5355,715,715,915,940,735,850,0,0,25,0,0,False,False,Z
502241,2005-12-20,GSO,LGA,OH,N972CA,5555,715,715,900,930,737,851,0,0,30,0,0,False,False,Z
502242,2005-12-20,LGA,FLL,US,N725UW,263,715,732,1016,1021,741,1018,0,0,0,0,0,False,False,Z
502243,2005-12-20,LGA,MIA,AA,N5DVAA,953,716,729,1020,1044,751,1028,0,0,11,13,0,False,False,Z
502244,2005-12-20,LGA,PBI,AA,N581AA,2061,720,725,1022,1051,759,1045,0,0,29,0,0,False,False,Z
502245,2005-12-20,LGA,PBI,B6,N536JB,363,725,740,1025,1043,754,1039,0,0,3,15,0,False,False,Z
502246,2005-12-20,TPA,LGA,DL,N608DA,2088,727,726,959,1017,750,958,0,0,18,0,0,False,False,Z
502247,2005-12-20,LGA,ATL,AA,N422AA,2377,730,725,1007,957,745,944,0,0,0,0,0,False,False,Z
502248,2005-12-20,ATL,LGA,DL,N686DA,504,730,728,936,957,808,946,0,0,21,0,0,False,False,Z
502249,2005-12-20,BOS,LGA,DL,N906DL,1909,730,728,844,831,746,828,0,0,0,0,0,False,False,Z
502250,2005-12-20,LGA,BOS,DL,N915DL,1910,730,730,835,832,747,823,0,0,0,0,0,False,False,Z
502251,2005-12-20,DCA,LGA,DL,N912DL,1942,730,728,829,827,743,824,0,0,0,0,0,False,False,Z
502252,2005-12-20,LGA,DCA,DL,N911DL,1943,730,728,838,842,756,839,0,0,0,0,0,False,False,Z
502253,2005-12-20,LGA,DTW,MQ,N737MW,4869,730,729,931,917,743,906,0,0,0,0,0,False,False,Z
502254,2005-12-20,IND,LGA,NW,N3324L,146,730,727,932,950,807,944,0,0,18,0,0,False,False,Z
502255,2005-12-20,RDU,LGA,OH,N317CA,5500,730,730,908,932,740,846,0,0,24,0,0,False,False,Z
502256,2005-12-20,LGA,PWM,OH,N991cA,5543,730,1110,854,1211,1125,1208,197,0,0,0,0,False,False,Z
502257,2005-12-20,DEN,LGA,UA,N809UA,400,730,731,1303,1308,746,1304,0,0,0,0,0,False,False,Z
502258,2005-12-20,PIT,LGA,US,N123UW,170,730,745,847,912,809,906,15,0,10,0,0,False,False,Z
502259,2005-12-20,BOS,LGA,US,N738UW,2197,730,728,840,840,750,835,0,0,0,0,0,False,False,Z
502260,2005-12-20,LGA,HOU,AA,N577AA,1643,735,737,1042,1054,807,1046,0,0,0,0,0,False,False,Z
502261,2005-12-20,CLE,LGA,CO,N39726,1750,735,729,905,909,754,904,0,0,0,0,0,False,False,Z
502262,2005-12-20,LEX,LGA,OH,N479CA,5822,740,740,939,1001,822,951,0,0,22,0,0,False,False,Z
502263,2005-12-20,LGA,TPA,AA,N448AA,1005,745,743,1043,1036,758,1033,0,0,0,0,0,False,False,Z
502264,2005-12-20,DFW,LGA,AA,N3CRAA,704,746,744,1159,1157,755,1153,0,0,0,0,0,False,False,Z
502265,2005-12-20,IAH,LGA,CO,N35204,332,750,747,1210,1201,810,1153,0,0,0,0,0,False,False,Z
502266,2005-12-20,TPA,LGA,AA,N474AA,1440,752,751,1030,1015,800,1009,0,0,0,0,0,False,False,Z
502267,2005-12-20,LGA,SRQ,OH,N659CA,4963,755,750,1055,1100,817,1055,0,0,0,0,0,False,False,Z
502268,2005-12-20,LGA,CLT,US,N168UW,1421,755,857,956,1038,916,1034,42,0,0,0,0,False,False,Z
502269,2005-12-20,LGA,IND,NW,N925US,147,759,754,1022,1006,812,955,0,0,0,0,0,False,False,Z
502270,2005-12-20,JAX,LGA,OH,N959CA,5425,759,759,1023,1027,811,959,0,0,0,0,0,False,False,Z
502271,2005-12-20,LGA,MDW,TZ,N314TZ,4217,759,756,919,901,807,855,0,0,0,0,0,False,False,Z
502272,2005-12-20,LGA,ORD,AA,N4WUAA,309,800,817,939,944,847,937,0,0,0,0,0,False,False,Z
502273,2005-12-20,ORD,LGA,AA,N236AA,390,800,758,1101,1051,807,1048,0,0,0,0,0,False,False,Z
502274,2005-12-20,LGA,IAH,CO,N37290,733,800,800,1100,1050,814,1044,0,0,0,0,0,False,False,Z
502275,2005-12-20,LGA,ATL,DL,N1402A,638,800,759,1040,1021,817,1009,0,0,0,0,0,False,False,Z
502276,2005-12-20,CAK,LGA,FL,N920AT,201,800,853,922,1031,915,1020,53,0,16,0,0,False,False,Z
502277,2005-12-20,DCA,LGA,MQ,N700LE,4797,800,752,913,906,810,858,0,0,0,0,0,False,False,Z
502278,2005-12-20,LGA,BOS,MQ,N730KW,4801,800,755,910,912,813,850,0,0,0,0,0,False,False,Z
502279,2005-12-20,BOS,LGA,MQ,N702AE,4808,800,751,917,907,813,900,0,0,0,0,0,False,False,Z
502280,2005-12-20,LGA,GSO,OH,N986CA,5196,800,900,1001,1050,937,1047,0,0,49,0,0,False,False,Z
502281,2005-12-20,LGA,ORD,UA,N507UA,671,800,801,933,920,826,915,0,0,0,0,0,False,False,Z
502282,2005-12-20,ORD,LGA,UA,N853UA,672,800,756,1106,1056,811,1053,0,0,0,0,0,False,False,Z
502283,2005-12-20,LGA,DEN,UA,N503UA,1183,800,802,1035,1033,820,959,0,0,0,0,0,False,False,Z
502284,2005-12-20,LGA,BOS,US,N744UW,2118,800,753,904,843,800,839,0,0,0,0,0,False,False,Z
502285,2005-12-20,LGA,DCA,US,N740UW,2165,800,756,909,852,803,849,0,0,0,0,0,False,False,Z
502286,2005-12-20,CLT,LGA,US,N531AU,514,800,800,948,936,815,931,0,0,0,0,0,False,False,Z
502287,2005-12-20,BOS,LGA,US,N752UW,2119,800,755,907,857,810,849,0,0,0,0,0,False,False,Z
502288,2005-12-20,DCA,LGA,US,N745UW,2162,800,753,905,910,814,902,0,0,0,0,0,False,False,Z
502289,2005-12-20,LGA,CLE,MQ,N722AE,4890,807,915,949,1108,940,1101,62,0,11,0,6,False,False,Z
502290,2005-12-20,LGA,MCO,AA,N5DAAA,1229,809,808,1101,1055,831,1052,0,0,0,0,0,False,False,Z
502291,2005-12-20,CVG,LGA,DL,N303DL,837,810,809,1002,1018,820,956,0,0,16,0,0,False,False,Z
502292,2005-12-20,RDU,LGA,MQ,N720AE,4727,810,811,943,947,834,938,0,0,0,0,0,False,False,Z
502293,2005-12-20,LGA,RIC,OH,N488CA,5419,810,805,944,931,829,923,0,0,0,0,0,False,False,Z
502294,2005-12-20,ATL,LGA,FL,N168AT,360,815,818,1022,1026,836,1017,0,0,0,0,0,False,False,Z
502295,2005-12-20,LGA,MSP,NW,N557NW,509,815,830,1025,1038,852,1031,0,0,0,0,0,False,False,Z
502296,2005-12-20,LGA,CHS,OH,N812CA,5381,815,815,1030,1045,856,1038,0,0,15,0,0,False,False,Z
502297,2005-12-20,MDW,LGA,TZ,N331TZ,4204,823,821,1125,1122,841,1117,0,0,0,0,0,False,False,Z
502298,2005-12-20,BHM,LGA,OH,N473CA,5120,825,820,1145,1130,836,1120,0,0,0,0,0,False,False,Z
502299,2005-12-20,LGA,DFW,AA,N3CXAA,721,829,829,1133,1113,842,1103,0,0,0,0,0,False,False,Z
502300,2005-12-20,LGA,ORD,AA,N589AA,311,830,829,1008,949,850,942,0,0,0,0,0,False,False,Z
502301,2005-12-20,ATL,LGA,DL,N999DN,512,830,830,1042,1053,850,1029,0,0,0,0,0,False,False,Z
502302,2005-12-20,BOS,LGA,DL,N910DE,1911,830,827,936,927,846,924,0,0,0,0,0,False,False,Z
502303,2005-12-20,LGA,BOS,DL,N908DE,1912,830,830,935,934,848,924,0,0,0,0,0,False,False,Z
502304,2005-12-20,DCA,LGA,DL,N909DE,1944,830,831,929,931,843,929,0,0,0,0,0,False,False,Z
502305,2005-12-20,LGA,DCA,DL,N917DL,1945,830,829,938,935,851,931,0,0,0,0,0,False,False,Z
502306,2005-12-20,LGA,RDU,MQ,N729AE,4726,830,827,1015,954,841,952,0,0,0,0,0,False,False,Z
502307,2005-12-20,LGA,CMH,MQ,,4849,830,9999,1024,9999,9999,9999,9999,9999,9999,9999,9999,True,False,A
502308,2005-12-20,LGA,RDU,OH,N403CA,5498,830,850,1025,1028,918,1025,0,0,0,0,0,False,False,Z
502309,2005-12-20,LGA,STL,AA,N431AA,1261,831,845,1025,1007,901,1004,0,0,0,0,0,False,False,Z
502310,2005-12-20,IAD,LGA,UA,N513UA,846,831,831,955,945,856,941,0,0,0,0,0,False,False,Z
502311,2005-12-20,CLE,LGA,CO,N17619,450,835,829,1008,953,838,947,0,0,0,0,0,False,False,Z
502312,2005-12-20,LGA,MIA,AA,N3BPAA,1547,836,849,1144,1155,915,1146,0,0,0,0,0,False,False,Z
502313,2005-12-20,MIA,LGA,AA,N626AA,2052,838,833,1130,1118,855,1114,0,0,0,0,0,False,False,Z
502314,2005-12-20,DFW,LGA,AA,N3BTAA,708,840,839,1253,1251,849,1246,0,0,0,0,0,False,False,Z
502315,2005-12-20,LGA,ATL,MQ,N711PH,4856,840,845,1126,1125,907,1107,0,0,0,0,0,False,False,Z
502316,2005-12-20,LGA,CLT,OH,N487CA,5496,840,905,1049,1108,940,1100,0,0,19,0,0,False,False,Z
502317,2005-12-20,MCO,LGA,AA,N245AA,1368,845,843,1118,1108,855,1103,0,0,0,0,0,False,False,Z
502318,2005-12-20,DTW,LGA,NW,N373NB,540,850,847,1034,1021,857,1011,0,0,0,0,0,False,False,Z
502319,2005-12-20,MEM,LGA,NW,N371NB,941,850,846,1212,1211,858,1155,0,0,0,0,0,False,False,Z
502320,2005-12-20,LGA,CAK,FL,N943AT,202,855,855,1035,1032,919,1024,0,0,0,0,0,False,False,Z
502321,2005-12-20,CMH,LGA,MQ,N735TS,4870,855,846,1038,1024,857,1014,0,0,0,0,0,False,False,Z
502322,2005-12-20,IAH,LGA,CO,N16632,232,858,856,1321,1314,910,1303,0,0,0,0,0,False,False,Z
502323,2005-12-20,LGA,ORD,AA,N4YEAA,313,900,904,1042,1031,927,1022,0,0,0,0,0,False,False,Z
502324,2005-12-20,ORD,LGA,AA,N4XUAA,386,900,852,1206,1153,907,1150,0,0,0,0,0,False,False,Z
502325,2005-12-20,LGA,ATL,DL,N978DL,1715,900,9999,1145,9999,9999,9999,9999,9999,9999,9999,9999,True,False,A
502326,2005-12-20,LGA,DEN,F9,N907FR,505,900,858,1120,1125,934,1118,0,0,0,0,0,False,False,Z
502327,2005-12-20,LGA,DCA,MQ,N845AE,4796,900,851,1018,950,909,948,0,0,0,0,0,False,False,Z
502328,2005-12-20,DCA,LGA,MQ,N826AE,4798,900,853,1013,1004,909,954,0,0,0,0,0,False,False,Z
502329,2005-12-20,LGA,BOS,MQ,N723AE,4802,900,937,1011,1041,955,1035,30,0,0,0,0,False,False,Z
502330,2005-12-20,BOS,LGA,MQ,N800AE,4810,900,855,1019,1008,921,1003,0,0,0,0,0,False,False,Z
502331,2005-12-20,LGA,BHM,OH,N814CA,5121,900,920,1047,1100,943,1058,0,0,0,0,0,False,False,Z
502332,2005-12-20,LGA,CLE,XE,N48901,2226,900,857,1044,1043,923,1039,0,0,0,0,0,False,False,Z
502333,2005-12-20,ORD,LGA,UA,N914UA,674,900,910,1207,1220,938,1216,0,0,0,0,0,False,False,Z
502334,2005-12-20,LGA,ORD,UA,N351UA,835,900,858,1039,1034,931,1030,0,0,0,0,0,False,False,Z
502335,2005-12-20,LGA,BOS,US,,2120,900,9999,1007,9999,9999,9999,9999,9999,9999,9999,9999,True,False,A
502336,2005-12-20,LGA,DCA,US,N758UW,2167,900,854,1013,959,912,955,0,0,0,0,0,False,False,Z
502337,2005-12-20,BOS,LGA,US,N742UW,2121,900,856,1010,956,908,950,0,0,0,0,0,False,False,Z
502338,2005-12-20,DCA,LGA,US,N767UW,2164,900,856,1009,1010,916,1005,0,0,0,0,0,False,False,Z
502339,2005-12-20,XNA,LGA,MQ,N715AE,4873,907,859,1300,1309,905,1231,0,0,0,0,0,False,False,Z
502340,2005-12-20,LGA,DTW,NW,N516US,215,910,924,1117,1128,958,1120,0,0,0,0,0,False,False,Z
502341,2005-12-20,LGA,PIT,US,N738UW,701,915,936,1055,1055,950,1050,0,0,0,0,0,False,False,Z
502342,2005-12-20,ATL,LGA,FL,N910AT,369,920,929,1130,1138,945,1124,0,0,0,0,0,False,False,Z
502343,2005-12-20,CLT,LGA,US,N722UW,860,920,918,1104,1050,929,1044,0,0,0,0,0,False,False,Z
502344,2005-12-20,RDU,LGA,MQ,N718AE,4728,927,925,1100,1045,939,1040,0,0,0,0,0,False,False,Z
502345,2005-12-20,CLT,LGA,MQ,N721HS,4894,927,924,1129,1121,954,1112,0,0,0,0,0,False,False,Z
502346,2005-12-20,LGA,IAH,CO,N14662,533,930,931,1240,1230,954,1225,0,0,0,0,0,False,False,Z
502347,2005-12-20,IAD,LGA,DH,N812BR,984,930,934,1100,1043,950,1038,0,0,0,0,0,False,False,Z
502348,2005-12-20,ATL,LGA,DL,N930DL,556,930,930,1139,1140,952,1133,0,0,0,0,0,False,False,Z
502349,2005-12-20,BOS,LGA,DL,N915DL,1913,930,928,1041,1030,946,1028,0,0,0,0,0,False,False,Z
502350,2005-12-20,LGA,BOS,DL,N906DL,1914,930,929,1039,1034,946,1024,0,0,0,0,0,False,False,Z
502351,2005-12-20,DCA,LGA,DL,N911DL,1946,930,929,1029,1030,943,1027,0,0,0,0,0,False,False,Z
502352,2005-12-20,LGA,DCA,DL,N912DL,1947,930,928,1044,1033,949,1029,0,0,0,0,0,False,False,Z
502353,2005-12-20,LGA,SAV,OH,N959CA,5603,930,1145,1200,1348,1158,1344,108,0,0,0,0,False,False,Z
502354,2005-12-20,LGA,CLT,US,N123UW,1109,930,948,1139,1135,1004,1130,0,0,0,0,0,False,False,Z
502355,2005-12-20,LGA,DFW,AA,N214AA,731,940,941,1246,1239,1001,1225,0,0,0,0,0,False,False,Z
502356,2005-12-20,LGA,FLL,B6,N618JB,375,940,944,1250,1240,1002,1239,0,0,0,0,0,False,False,Z
502357,2005-12-20,DFW,LGA,AA,N3ALAA,710,944,943,1401,1410,1012,1404,0,0,0,0,0,False,False,Z
502358,2005-12-20,LGA,CAE,OH,N819CA,5133,949,1000,1201,1215,1036,1212,0,0,0,0,0,False,False,Z
502359,2005-12-20,FLL,LGA,B6,N506JB,372,950,1003,1245,1243,1013,1237,0,0,0,0,0,False,False,Z
502360,2005-12-20,LGA,GRR,MQ,N700LE,4917,954,949,1201,1200,1007,1145,0,0,0,0,0,False,False,Z
502361,2005-12-20,MDW,LGA,TZ,N304TZ,4222,958,952,1259,1244,1005,1240,0,0,0,0,0,False,False,Z
502362,2005-12-20,LGA,JAX,OH,N317CA,5430,959,1030,1245,1250,1048,1247,0,0,0,0,0,False,False,Z
502363,2005-12-20,LGA,ORD,AA,N271AA,317,1000,955,1134,1118,1013,1111,0,0,0,0,0,False,False,Z
502364,2005-12-20,ORD,LGA,AA,N4UDAA,382,1000,957,1300,1253,1009,1249,0,0,0,0,0,False,False,Z
502365,2005-12-20,LGA,MIA,AA,N3BHAA,2137,1000,1002,1303,1258,1021,1254,0,0,0,0,0,False,False,Z
502366,2005-12-20,LGA,CLE,CO,N39726,1451,1000,956,1148,1129,1014,1122,0,0,0,0,0,False,False,Z
502367,2005-12-20,LGA,ATL,DL,N375DA,1472,1000,1003,1244,1221,1017,1210,0,0,0,0,0,False,False,Z
502368,2005-12-20,LGA,PHF,FL,N920AT,903,1000,1115,1119,1228,1133,1222,0,0,0,0,69,False,False,Z
502369,2005-12-20,LGA,RDU,MQ,N720AE,4739,1000,1014,1147,1149,1030,1144,0,0,0,0,0,False,False,Z
502370,2005-12-20,BOS,LGA,MQ,N730KW,4812,1000,959,1117,1105,1014,1100,0,0,0,0,0,False,False,Z
502371,2005-12-20,LGA,GSO,OH,N972CA,5408,1000,1000,1149,1154,1040,1151,0,0,0,0,0,False,False,Z
502372,2005-12-20,LGA,ORD,UA,N801UA,675,1000,955,1135,1128,1025,1125,0,0,0,0,0,False,False,Z
502373,2005-12-20,ORD,LGA,UA,N593UA,676,1000,1020,1302,1317,1044,1313,15,0,0,0,0,False,False,Z
502374,2005-12-20,LGA,BOS,US,N752UW,2122,1000,956,1106,1059,1012,1054,0,0,0,0,0,False,False,Z
502375,2005-12-20,LGA,DCA,US,N745UW,2169,1000,954,1111,1054,1009,1053,0,0,0,0,0,False,False,Z
502376,2005-12-20,BOS,LGA,US,N733UW,2123,1000,957,1105,1102,1009,1054,0,0,0,0,0,False,False,Z
502377,2005-12-20,DCA,LGA,US,N762UW,2166,1000,1000,1110,1105,1011,1059,0,0,0,0,0,False,False,Z
502378,2005-12-20,DTW,LGA,MQ,,4884,1001,9999,1145,9999,9999,9999,9999,9999,9999,9999,9999,True,False,A
502379,2005-12-20,LGA,MDW,TZ,N321TZ,4215,1004,1005,1135,1115,1022,1110,0,0,0,0,0,False,False,Z
502380,2005-12-20,CMH,LGA,OH,N477CA,4991,1005,1005,1150,1150,1016,1131,0,0,0,0,0,False,False,Z
502381,2005-12-20,DTW,LGA,NW,N515US,542,1007,1004,1152,1149,1022,1140,0,0,0,0,0,False,False,Z
502382,2005-12-20,ATL,LGA,FL,N947AT,364,1010,1031,1220,1222,1042,1217,0,0,0,0,0,False,False,Z
502383,2005-12-20,LGA,MIA,AA,N3CLAA,1341,1014,1024,1316,1343,1052,1330,0,0,17,10,0,False,False,Z
502384,2005-12-20,LGA,PBI,AA,N536AA,2449,1015,1022,1318,1325,1040,1322,0,0,0,0,0,False,False,Z
502385,2005-12-20,SRQ,LGA,FL,N960AT,464,1015,1007,1320,1245,1019,1233,0,0,0,0,0,False,False,Z
502386,2005-12-20,DEN,LGA,UA,N579UA,402,1015,1014,1547,1545,1027,1540,0,0,0,0,0,False,False,Z
502387,2005-12-20,RIC,LGA,OH,N488CA,5261,1019,1007,1131,1115,1020,1107,0,0,0,0,0,False,False,Z
502388,2005-12-20,CHS,LGA,OH,N641CA,5911,1019,1020,1211,1235,1030,1202,0,0,23,0,1,False,False,Z
502389,2005-12-20,MSP,LGA,NW,N367NW,512,1020,1025,1359,1418,1058,1409,0,0,19,0,0,False,False,Z
502390,2005-12-20,GSO,LGA,OH,N960CA,5557,1020,1015,1158,1158,1026,1135,0,0,0,0,0,False,False,Z
502391,2005-12-20,CLE,LGA,MQ,N722AE,4889,1023,1133,1200,1309,1147,1301,0,0,0,0,69,False,False,Z
502392,2005-12-20,LGA,DTW,MQ,N704PG,4854,1025,1023,1228,1250,1045,1209,0,0,22,0,0,False,False,Z
502393,2005-12-20,LGA,DTW,NW,N3324L,539,1025,1101,1224,1305,1127,1252,36,0,5,0,0,False,False,Z
502394,2005-12-20,RDU,LGA,MQ,N724AE,4732,1028,1021,1200,1144,1033,1139,0,0,0,0,0,False,False,Z
502395,2005-12-20,ATL,LGA,DL,N968DL,921,1030,1028,1247,1230,1043,1219,0,0,0,0,0,False,False,Z
502396,2005-12-20,CVG,LGA,DL,N920DL,1786,1030,1029,1232,1210,1036,1200,0,0,0,0,0,False,False,Z
502397,2005-12-20,BOS,LGA,DL,N908DE,1915,1030,1029,1132,1128,1042,1125,0,0,0,0,0,False,False,Z
502398,2005-12-20,LGA,BOS,DL,N910DE,1916,1030,1031,1135,1134,1051,1129,0,0,0,0,0,False,False,Z
502399,2005-12-20,DCA,LGA,DL,N917DL,1948,1030,1029,1129,1130,1042,1126,0,0,0,0,0,False,False,Z
502400,2005-12-20,LGA,DCA,DL,N909DE,1949,1030,1028,1140,1132,1048,1129,0,0,0,0,0,False,False,Z
502401,2005-12-20,MCO,LGA,DL,N610DL,2058,1030,1026,1259,1315,1050,1253,0,0,16,0,0,False,False,Z
502402,2005-12-20,LGA,CLT,MQ,N702AE,4899,1030,1019,1227,1213,1044,1209,0,0,0,0,0,False,False,Z
502403,2005-12-20,LGA,GSP,OH,N479CA,5762,1030,1040,1237,1236,1057,1230,0,0,0,0,0,False,False,Z
502404,2005-12-20,MIA,LGA,AA,N3CFAA,1934,1043,1041,1335,1329,1102,1325,0,0,0,0,0,False,False,Z
502405,2005-12-20,IAH,LGA,CO,N58606,432,1045,1042,1510,1502,1100,1454,0,0,0,0,0,False,False,Z
502406,2005-12-20,LGA,MCO,DL,N608DA,2045,1045,1116,1327,1410,1136,1401,13,0,12,0,18,False,False,Z
502407,2005-12-20,DEN,LGA,F9,N943FR,510,1045,1045,1615,1628,1105,1618,0,0,0,0,0,False,False,Z
502408,2005-12-20,ATL,LGA,AA,N422AA,2370,1049,1048,1302,1258,1109,1250,0,0,0,0,0,False,False,Z
502409,2005-12-20,LGA,IAH,CO,N17619,1033,1049,1043,1350,1337,1058,1331,0,0,0,0,0,False,False,Z
502410,2005-12-20,LGA,CLT,US,N531AU,1199,1050,1042,1250,1222,1053,1217,0,0,0,0,0,False,False,Z
502411,2005-12-20,STL,LGA,AA,N429AA,840,1052,1050,1411,1408,1101,1358,0,0,0,0,0,False,False,Z
502412,2005-12-20,CMH,LGA,MQ,N808AE,4858,1054,1054,1233,1246,1123,1242,0,0,0,0,0,False,False,Z
502413,2005-12-20,LGA,FLL,AA,N553AA,883,1055,1113,1402,1422,1124,1418,0,0,2,11,7,False,False,Z
502414,2005-12-20,LGA,CVG,DL,N303DL,851,1055,1101,1312,1252,1113,1248,0,0,0,0,0,False,False,Z
502415,2005-12-20,RDU,LGA,OH,N435CA,5489,1055,1045,1228,1225,1051,1200,0,0,0,0,0,False,False,Z
502416,2005-12-20,RSW,LGA,OH,N368CA,5276,1055,1110,1345,1350,1125,1344,0,0,0,0,0,False,False,Z
502417,2005-12-20,LGA,DEN,UA,N513UA,765,1055,1053,1326,1256,1108,1247,0,0,0,0,0,False,False,Z
502418,2005-12-20,MDW,LGA,TZ,N314TZ,4228,1058,1053,1359,1349,1107,1342,0,0,0,0,0,False,False,Z
502419,2005-12-20,LGA,ORD,AA,N288AA,321,1100,1058,1234,1218,1112,1210,0,0,0,0,0,False,False,Z
502420,2005-12-20,ORD,LGA,AA,,378,1100,9999,1403,9999,9999,9999,9999,9999,9999,9999,9999,True,False,A
502421,2005-12-20,DFW,LGA,AA,N573AA,712,1100,1100,1517,1526,1132,1520,0,0,0,0,0,False,False,Z
502422,2005-12-20,LGA,DCA,MQ,N826AE,4799,1100,1058,1211,1201,1111,1152,0,0,0,0,0,False,False,Z
502423,2005-12-20,BOS,LGA,MQ,N723AE,4814,1100,1108,1219,1213,1125,1208,0,0,0,0,0,False,False,Z
502424,2005-12-20,CLE,LGA,XE,N14947,3247,1100,1109,1234,1234,1121,1229,0,0,0,0,0,False,False,Z
502425,2005-12-20,LGA,ORD,UA,N924UA,677,1100,1057,1240,1211,1110,1207,0,0,0,0,0,False,False,Z
502426,2005-12-20,ORD,LGA,UA,N303UA,678,1100,1057,1404,1350,1108,1346,0,0,0,0,0,False,False,Z
502427,2005-12-20,LGA,BOS,US,N742UW,2124,1100,1055,1203,1146,1104,1143,0,0,0,0,0,False,False,Z
502428,2005-12-20,LGA,DCA,US,N767UW,2171,1100,1056,1205,1147,1103,1146,0,0,0,0,0,False,False,Z
502429,2005-12-20,CLT,LGA,US,N784AU,740,1100,1059,1246,1234,1106,1227,0,0,0,0,0,False,False,Z
502430,2005-12-20,BOS,LGA,US,,2125,1100,9999,1159,9999,9999,9999,9999,9999,9999,9999,9999,True,False,A
502431,2005-12-20,DCA,LGA,US,N737UW,2168,1100,1054,1206,1156,1106,1151,0,0,0,0,0,False,False,Z
502432,2005-12-20,LGA,MCO,AA,N533AA,1617,1101,1111,1350,1402,1126,1358,0,0,0,0,0,False,False,Z
502433,2005-12-20,FLL,LGA,AA,N543AA,804,1103,1121,1402,1410,1141,1407,0,0,0,0,0,False,False,Z
502434,2005-12-20,PBI,LGA,AA,N581AA,1506,1106,1131,1350,1431,1154,1427,0,0,16,0,25,False,False,Z
502435,2005-12-20,LGA,ATL,FL,N168AT,361,1107,1130,1338,1356,1152,1349,18,0,0,0,0,False,False,Z
502436,2005-12-20,BHM,LGA,OH,N814CA,5694,1110,1130,1429,1510,1147,1448,0,0,21,0,20,False,False,Z
502437,2005-12-20,LGA,MCI,AA,N474AA,553,1112,1113,1333,1307,1128,1305,0,0,0,0,0,False,False,Z
502438,2005-12-20,PBI,LGA,DL,N648DL,2006,1113,1130,1359,1420,1145,1411,5,0,4,0,12,False,False,Z
502439,2005-12-20,PBI,LGA,B6,N536JB,362,1115,1141,1400,1419,1155,1414,13,0,0,0,6,False,False,Z
502440,2005-12-20,LGA,MEM,NW,N373NB,633,1120,1125,1322,1310,1140,1304,0,0,0,0,0,False,False,Z
502441,2005-12-20,RDU,LGA,MQ,N717AE,4734,1127,1122,1300,1245,1131,1240,0,0,0,0,0,False,False,Z
502442,2005-12-20,LGA,FLL,DL,N652DL,1975,1129,1154,1421,1456,1205,1451,25,0,10,0,0,False,False,Z
502443,2005-12-20,LGA,DFW,AA,N469AA,739,1130,1128,1439,1434,1148,1408,0,0,0,0,0,False,False,Z
502444,2005-12-20,IAH,LGA,CO,N27213,1832,1130,1137,1542,1554,1200,1548,0,0,0,0,0,False,False,Z
502445,2005-12-20,BOS,LGA,DL,N906DL,1917,1130,1128,1236,1228,1142,1225,0,0,0,0,0,False,False,Z
502446,2005-12-20,LGA,BOS,DL,N915DL,1918,1130,1131,1238,1237,1151,1231,0,0,0,0,0,False,False,Z
502447,2005-12-20,DCA,LGA,DL,N912DL,1950,1130,1129,1230,1228,1140,1226,0,0,0,0,0,False,False,Z
502448,2005-12-20,LGA,DCA,DL,N911DL,1951,1130,1129,1242,1237,1154,1233,0,0,0,0,0,False,False,Z
502449,2005-12-20,LGA,RDU,MQ,N706RG,4729,1130,1121,1310,1302,1143,1256,0,0,0,0,0,False,False,Z
502450,2005-12-20,LGA,CMH,MQ,N735TS,4878,1130,1125,1319,1315,1145,1303,0,0,0,0,0,False,False,Z
502451,2005-12-20,LGA,MSP,NW,N503US,849,1135,1149,1336,1338,1203,1333,0,0,0,0,0,False,False,Z
502452,2005-12-20,MIA,LGA,AA,N3DCAA,1348,1139,1134,1430,1427,1150,1423,0,0,0,0,0,False,False,Z
502453,2005-12-20,LGA,PBI,DL,N613DL,2078,1145,1140,1442,1450,1158,1445,0,0,0,0,0,False,False,Z
502454,2005-12-20,PIT,LGA,US,N738UW,438,1145,1141,1305,1257,1152,1251,0,0,0,0,0,False,False,Z
502455,2005-12-20,DFW,LGA,AA,N221AA,728,1150,1151,1612,1604,1212,1559,0,0,0,0,0,False,False,Z
502456,2005-12-20,ATL,LGA,FL,N975AT,366,1154,1154,1402,1352,1206,1345,0,0,0,0,0,False,False,Z
502457,2005-12-20,ATL,LGA,MQ,N711PH,4859,1157,1200,1420,1358,1214,1355,0,0,0,0,0,False,False,Z
502458,2005-12-20,LGA,ORD,AA,N236AA,325,1200,1201,1331,1318,1217,1314,0,0,0,0,0,False,False,Z
502459,2005-12-20,ORD,LGA,AA,N486AA,374,1200,1200,1500,1459,1217,1456,0,0,0,0,0,False,False,Z
502460,2005-12-20,LGA,STL,AA,N245AA,1757,1200,1155,1349,1334,1211,1321,0,0,0,0,0,False,False,Z
502461,2005-12-20,LGA,IAH,CO,N16713,1833,1200,1158,1450,1454,1214,1446,0,0,0,0,0,False,False,Z
502462,2005-12-20,LGA,ATL,DL,N999DN,1089,1200,1159,1429,1418,1219,1412,0,0,0,0,0,False,False,Z
502463,2005-12-20,DCA,LGA,MQ,N710TB,4800,1200,1155,1315,1311,1208,1255,0,0,0,0,0,False,False,Z
502464,2005-12-20,LGA,BOS,MQ,N800AE,4805,1200,1155,1306,1306,1222,1300,0,0,0,0,0,False,False,Z
502465,2005-12-20,LGA,ATL,MQ,N721HS,4864,1200,1313,1442,1549,1339,1541,67,0,0,0,0,False,False,Z
502466,2005-12-20,LGA,CLT,OH,N506CA,5535,1200,1150,1400,1331,1202,1325,0,0,0,0,0,False,False,Z
502467,2005-12-20,LGA,ORD,UA,N853UA,679,1200,1158,1336,1343,1223,1321,0,0,0,0,0,False,False,Z
502468,2005-12-20,ORD,LGA,UA,N349UA,680,1200,1159,1508,1513,1223,1509,0,0,0,0,0,False,False,Z
502469,2005-12-20,LGA,BOS,US,N733UW,2126,1200,1201,1301,1256,1216,1252,0,0,0,0,0,False,False,Z
502470,2005-12-20,LGA,DCA,US,N762UW,2173,1200,1154,1307,1310,1207,1308,0,0,0,0,0,False,False,Z
502471,2005-12-20,BOS,LGA,US,N740UW,2127,1200,1154,1305,1253,1205,1247,0,0,0,0,0,False,False,Z
502472,2005-12-20,DCA,LGA,US,N744UW,2170,1200,1156,1303,1312,1209,1258,0,0,0,0,0,False,False,Z
502473,2005-12-20,LGA,TPA,DL,N67171,2050,1204,1209,1505,1503,1220,1459,0,0,0,0,0,False,False,Z
502474,2005-12-20,LGA,SRQ,FL,N910AT,466,1210,1213,1500,1508,1225,1505,0,0,0,0,0,False,False,Z
502475,2005-12-20,SRQ,LGA,OH,N369CA,5275,1210,1200,1459,1434,1205,1427,0,0,0,0,0,False,False,Z
502476,2005-12-20,LGA,MDW,TZ,N331TZ,4203,1215,1212,1345,1330,1228,1320,0,0,0,0,0,False,False,Z
502477,2005-12-20,LGA,RIC,OH,N488CA,5263,1216,1210,1338,1340,1240,1334,0,0,0,0,0,False,False,Z
502478,2005-12-20,CLE,LGA,XE,N16502,2467,1220,1215,1348,1359,1242,1353,0,0,0,0,0,False,False,Z
502479,2005-12-20,RDU,LGA,MQ,N734EK,4737,1224,1219,1359,1356,1230,1332,0,0,0,0,0,False,False,Z
502480,2005-12-20,MDW,LGA,TZ,N305TZ,4220,1228,1225,1529,1528,1241,1523,0,0,0,0,0,False,False,Z
502481,2005-12-20,LGA,MIA,AA,N626AA,1819,1230,1230,1533,1524,1244,1517,0,0,0,0,0,False,False,Z
502482,2005-12-20,FLL,LGA,B6,N579JB,376,1230,1246,1535,1527,1305,1521,0,0,0,0,0,False,False,Z
502483,2005-12-20,ATL,LGA,DL,N138DL,458,1230,1237,1447,1457,1256,1440,0,0,0,0,0,False,False,Z
502484,2005-12-20,BOS,LGA,DL,N910DE,1919,1230,1227,1330,1330,1246,1327,0,0,0,0,0,False,False,Z
502485,2005-12-20,LGA,BOS,DL,N908DE,1920,1230,1230,1328,1333,1245,1321,0,0,0,0,0,False,False,Z
502486,2005-12-20,DCA,LGA,DL,N909DE,1952,1230,1244,1330,1354,1305,1351,14,0,10,0,0,False,False,Z
502487,2005-12-20,LGA,DCA,DL,N917DL,1953,1230,1229,1333,1327,1246,1324,0,0,0,0,0,False,False,Z
502488,2005-12-20,FLL,LGA,DL,N6711M,2023,1230,1248,1530,1537,1307,1528,0,0,0,0,0,False,False,Z
502489,2005-12-20,LGA,CLE,MQ,N730KW,4887,1230,1225,1410,1355,1240,1351,0,0,0,0,0,False,False,Z
502490,2005-12-20,SAV,LGA,OH,N959CA,5514,1230,1425,1435,1610,1428,1603,95,0,0,0,0,False,False,Z
502491,2005-12-20,GRR,LGA,MQ,N700LE,4916,1232,1227,1430,1421,1243,1416,0,0,0,0,0,False,False,Z
502492,2005-12-20,LGA,IAD,DH,N812BR,987,1235,1252,1415,1358,1309,1355,0,0,0,0,0,False,False,Z
502493,2005-12-20,LGA,CMH,OH,N473CA,4994,1235,1228,1434,1405,1250,1400,0,0,0,0,0,False,False,Z
502494,2005-12-20,LGA,CLT,US,N722UW,931,1235,1225,1434,1407,1242,1405,0,0,0,0,0,False,False,Z
502495,2005-12-20,MIA,LGA,AA,N3BPAA,1548,1237,1235,1530,1521,1246,1517,0,0,0,0,0,False,False,Z
502496,2005-12-20,LGA,CHS,OH,N477CA,5380,1240,1240,1454,1448,1259,1441,0,0,0,0,0,False,False,Z
502497,2005-12-20,LGA,DTW,NW,N515US,209,1242,1253,1440,1439,1307,1428,0,0,0,0,0,False,False,Z
502498,2005-12-20,DEN,LGA,UA,N816UA,1194,1243,1239,1816,1820,1254,1814,0,0,0,0,0,False,False,Z
502499,2005-12-20,DFW,LGA,AA,N5CVAA,732,1245,1245,1658,1702,1303,1656,0,0,0,0,0,False,False,Z
502500,2005-12-20,LGA,DFW,AA,N3CRAA,743,1245,1248,1538,1549,1303,1520,0,0,0,0,0,False,False,Z
502501,2005-12-20,LGA,BHM,OH,N960CA,5420,1245,1255,1423,1417,1311,1415,0,0,0,0,0,False,False,Z
502502,2005-12-20,CLT,LGA,US,N356US,896,1245,1242,1428,1424,1254,1419,0,0,0,0,0,False,False,Z
502503,2005-12-20,TPA,LGA,DL,N640DL,2057,1248,1246,1520,1520,1257,1503,0,0,0,0,0,False,False,Z
502504,2005-12-20,STL,LGA,AA,N433AA,576,1251,1254,1612,1610,1306,1607,0,0,0,0,0,False,False,Z
502505,2005-12-20,LGA,RDU,MQ,N724AE,4713,1251,1252,1430,1427,1315,1424,0,0,0,0,0,False,False,Z
502506,2005-12-20,GSO,LGA,OH,N781CA,5561,1254,1250,1430,1437,1312,1431,0,0,0,0,0,False,False,Z
502507,2005-12-20,LGA,RDU,OH,N641CA,5507,1256,1323,1440,1451,1338,1447,0,0,0,0,0,False,False,Z
502508,2005-12-20,CLT,LGA,MQ,N702AE,4898,1257,1248,1455,1439,1307,1433,0,0,0,0,0,False,False,Z
502509,2005-12-20,ATL,LGA,FL,N184AT,355,1259,1306,1505,1505,1319,1500,0,0,0,0,0,False,False,Z
502510,2005-12-20,LGA,DTW,MQ,N723AE,4880,1259,1256,1457,1500,1324,1449,0,0,0,0,0,False,False,Z
502511,2005-12-20,GSP,LGA,OH,N479CA,5805,1259,1259,1459,1459,1321,1450,0,0,0,0,0,False,False,Z
502512,2005-12-20,LGA,ORD,AA,N4XUAA,329,1300,1253,1435,1417,1311,1409,0,0,0,0,0,False,False,Z
502513,2005-12-20,ORD,LGA,AA,N242AA,370,1300,1302,1600,1557,1314,1550,0,0,0,0,0,False,False,Z
502514,2005-12-20,LGA,ATL,DL,N930DL,619,1300,1258,1534,1525,1325,1519,0,0,0,0,0,False,False,Z
502515,2005-12-20,LGA,ATL,FL,N947AT,365,1300,1300,1532,1533,1330,1526,0,0,0,0,0,False,False,Z
502516,2005-12-20,LGA,DCA,MQ,N717AE,4785,1300,1312,1410,1413,1328,1410,0,0,0,0,0,False,False,Z
502517,2005-12-20,DTW,LGA,MQ,N704PG,4868,1300,1318,1444,1450,1326,1446,0,0,0,0,0,False,False,Z
502518,2005-12-20,CLT,LGA,OH,N989CA,5531,1300,1251,1455,1445,1314,1438,0,0,0,0,0,False,False,Z
502519,2005-12-20,LGA,ORD,UA,N914UA,681,1300,1308,1439,1429,1322,1423,0,0,0,0,0,False,False,Z
502520,2005-12-20,ORD,LGA,UA,N506UA,682,1300,1300,1603,1558,1315,1554,0,0,0,0,0,False,False,Z
502521,2005-12-20,LGA,BOS,US,N766UW,2128,1300,1253,1404,1348,1305,1344,0,0,0,0,0,False,False,Z
502522,2005-12-20,LGA,DCA,US,N737UW,2175,1300,1254,1412,1350,1306,1347,0,0,0,0,0,False,False,Z
502523,2005-12-20,BOS,LGA,US,N758UW,2129,1300,1257,1405,1359,1309,1352,0,0,0,0,0,False,False,Z
502524,2005-12-20,DCA,LGA,US,N760UW,2172,1300,1257,1405,1401,1313,1356,0,0,0,0,0,False,False,Z
502525,2005-12-20,LGA,CLE,XE,N14947,3073,1305,1311,1445,1459,1333,1454,0,0,0,0,0,False,False,Z
502526,2005-12-20,CAK,LGA,FL,N942AT,198,1307,1304,1429,1433,1314,1422,0,0,0,0,0,False,False,Z
502527,2005-12-20,MSP,LGA,NW,N554NW,368,1310,1331,1653,1721,1406,1714,17,0,7,0,4,False,False,Z
502528,2005-12-20,LGA,PWM,OH,N435CA,5547,1315,1327,1432,1430,1341,1427,0,0,0,0,0,False,False,Z
502529,2005-12-20,LGA,FLL,B6,N506JB,377,1325,1345,1630,1645,1401,1641,9,0,6,0,0,False,False,Z
502530,2005-12-20,IAH,LGA,CO,N37281,532,1325,1317,1750,1731,1332,1722,0,0,0,0,0,False,False,Z
502531,2005-12-20,CAE,LGA,OH,N807CA,5136,1325,1320,1525,1511,1330,1503,0,0,0,0,0,False,False,Z
502532,2005-12-20,LGA,IAH,CO,N35204,433,1330,1329,1625,1613,1348,1606,0,0,0,0,0,False,False,Z
502533,2005-12-20,ATL,LGA,DL,N967DL,874,1330,1330,1545,1539,1344,1531,0,0,0,0,0,False,False,Z
502534,2005-12-20,BOS,LGA,DL,N915DL,1921,1330,1330,1429,1435,1348,1431,0,0,0,0,0,False,False,Z
502535,2005-12-20,LGA,BOS,DL,N906DL,1922,1330,1328,1435,1434,1349,1427,0,0,0,0,0,False,False,Z
502536,2005-12-20,DCA,LGA,DL,N911DL,1954,1330,1328,1441,1449,1354,1445,0,0,0,0,0,False,False,Z
502537,2005-12-20,LGA,DCA,DL,N912DL,1955,1330,1329,1436,1439,1350,1432,0,0,0,0,0,False,False,Z
502538,2005-12-20,LGA,MSP,NW,N371NB,515,1330,1333,1528,1528,1351,1521,0,0,0,0,0,False,False,Z
502539,2005-12-20,LGA,PIT,US,N784AU,211,1330,1321,1458,1444,1335,1439,0,0,0,0,0,False,False,Z
502540,2005-12-20,MIA,LGA,AA,N617AA,932,1336,1909,1630,2151,1931,2147,163,0,0,0,158,False,False,Z
502541,2005-12-20,LGA,DFW,AA,N3BTAA,745,1338,1341,1633,1625,1400,1616,0,0,0,0,0,False,False,Z
502542,2005-12-20,RDU,LGA,MQ,N720AE,4730,1340,1335,1515,1514,1359,1507,0,0,0,0,0,False,False,Z
502543,2005-12-20,LGA,XNA,MQ,N722AE,4825,1340,1338,1611,1552,1357,1550,0,0,0,0,0,False,False,Z
502544,2005-12-20,LGA,CLT,MQ,N715AE,4895,1340,1335,1531,1534,1358,1526,0,0,0,0,0,False,False,Z
502545,2005-12-20,LGA,FLL,DL,N610DL,2086,1345,1420,1637,1742,1443,1738,19,0,30,0,16,False,False,Z
502546,2005-12-20,LGA,MDW,TZ,N304TZ,4211,1345,1338,1515,1451,1351,1446,0,0,0,0,0,False,False,Z
502547,2005-12-20,DTW,LGA,NW,N518US,427,1347,1516,1530,1715,1538,1659,89,0,16,0,0,False,False,Z
502548,2005-12-20,HOU,LGA,AA,N445AA,1436,1350,1402,1817,1810,1411,1759,0,0,0,0,0,False,False,Z
502549,2005-12-20,CLT,LGA,US,N179UW,146,1350,1354,1529,1544,1414,1535,0,0,15,0,0,False,False,Z
502550,2005-12-20,DFW,LGA,AA,N214AA,736,1353,1400,1820,1830,1432,1823,0,0,0,0,0,False,False,Z
502551,2005-12-20,CMH,LGA,MQ,N735TS,4881,1354,1405,1537,1548,1419,1537,0,0,0,0,0,False,False,Z
502552,2005-12-20,LGA,ORD,UA,N809UA,683,1355,1356,1530,1533,1432,1526,0,0,0,0,0,False,False,Z
502553,2005-12-20,LGA,ORD,AA,N4UDAA,333,1400,1357,1538,1523,1415,1509,0,0,0,0,0,False,False,Z
502554,2005-12-20,ORD,LGA,AA,N549AA,366,1400,1358,1706,1648,1409,1642,0,0,0,0,0,False,False,Z
502555,2005-12-20,LGA,BNA,AA,N422AA,2275,1400,1351,1530,1512,1409,1507,0,0,0,0,0,False,False,Z
502556,2005-12-20,LGA,ATL,DL,N968DL,328,1400,1400,1639,1623,1414,1615,0,0,0,0,0,False,False,Z
502557,2005-12-20,LGA,ATL,FL,N960AT,370,1400,1356,1640,1622,1418,1618,0,0,0,0,0,False,False,Z
502558,2005-12-20,DCA,LGA,MQ,N857AE,4786,1400,1355,1515,1522,1427,1516,0,0,0,0,0,False,False,Z
502559,2005-12-20,BOS,LGA,MQ,N800AE,4816,1400,1358,1518,1509,1414,1505,0,0,0,0,0,False,False,Z
502560,2005-12-20,LGA,BOS,MQ,,4827,1400,9999,1509,9999,9999,9999,9999,9999,9999,9999,9999,True,False,A
502561,2005-12-20,ORD,LGA,UA,N424UA,684,1400,1356,1710,1650,1411,1645,0,0,0,0,0,False,False,Z
502562,2005-12-20,LGA,BOS,US,N744UW,2130,1400,1354,1505,1444,1405,1437,0,0,0,0,0,False,False,Z
502563,2005-12-20,LGA,DCA,US,N740UW,2177,1400,1355,1508,1451,1408,1447,0,0,0,0,0,False,False,Z
502564,2005-12-20,BOS,LGA,US,N733UW,2131,1400,1357,1505,1503,1409,1456,0,0,0,0,0,False,False,Z
502565,2005-12-20,DCA,LGA,US,N752UW,2174,1400,1354,1509,1518,1424,1515,0,0,0,0,0,False,False,Z
502566,2005-12-20,LGA,DEN,UA,N593UA,375,1405,1401,1630,1620,1428,1612,0,0,0,0,0,False,False,Z
502567,2005-12-20,PBI,LGA,AA,N536AA,682,1410,1412,1700,1644,1423,1639,0,0,0,0,0,False,False,Z
502568,2005-12-20,LGA,CLT,US,N738UW,923,1410,1401,1609,1545,1412,1540,0,0,0,0,0,False,False,Z
502569,2005-12-20,MCI,LGA,AA,N474AA,556,1415,1408,1758,1751,1416,1745,0,0,0,0,0,False,False,Z
502570,2005-12-20,DFW,LGA,AA,N4XMAA,740,1430,1501,1858,1923,1518,1909,0,3,0,0,22,False,False,Z
502571,2005-12-20,LGA,MIA,AA,N3CFAA,2285,1430,1436,1734,1824,1458,1741,0,0,44,6,0,False,False,Z
502572,2005-12-20,ATL,LGA,DL,N948DL,1718,1430,1430,1640,1644,1442,1620,0,0,0,0,0,False,False,Z
502573,2005-12-20,BOS,LGA,DL,N908DE,1923,1430,1429,1531,1530,1443,1527,0,0,0,0,0,False,False,Z
502574,2005-12-20,LGA,BOS,DL,N910DE,1924,1430,1427,1535,1532,1445,1523,0,0,0,0,0,False,False,Z
502575,2005-12-20,DCA,LGA,DL,N917DL,1956,1430,1429,1535,1539,1450,1536,0,0,0,0,0,False,False,Z
502576,2005-12-20,LGA,DCA,DL,N909DE,1957,1430,1429,1539,1533,1446,1529,0,0,0,0,0,False,False,Z
502577,2005-12-20,LGA,RSW,OH,N368CA,5270,1430,1455,1740,1830,1520,1817,25,0,25,0,0,False,False,Z
502578,2005-12-20,LGA,CLE,XE,N16502,2276,1430,1435,1615,1615,1453,1610,0,0,0,0,0,False,False,Z
502579,2005-12-20,LGA,CAK,FL,N975AT,199,1437,1437,1607,1610,1501,1605,0,0,0,0,0,False,False,Z
502580,2005-12-20,IAH,LGA,CO,N25705,1532,1440,1440,1906,1850,1459,1843,0,0,0,0,0,False,False,Z
502581,2005-12-20,CLE,LGA,MQ,N730KW,4828,1440,1440,1619,1609,1456,1604,0,0,0,0,0,False,False,Z
502582,2005-12-20,MDW,LGA,TZ,N332TZ,4202,1445,1445,1756,1748,1501,1743,0,0,0,0,0,False,False,Z
502583,2005-12-20,LGA,DFW,AA,N3ALAA,753,1446,1457,1744,1753,1514,1724,0,0,0,0,0,False,False,Z
502584,2005-12-20,LGA,CVG,DL,N686DA,806,1448,1448,1705,1650,1511,1645,0,0,0,0,0,False,False,Z
502585,2005-12-20,FLL,LGA,AA,N553AA,626,1450,1505,1748,1751,1523,1746,0,0,0,0,0,False,False,Z
502586,2005-12-20,MCO,LGA,AA,N494AA,1620,1450,1450,1727,1714,1507,1709,0,0,0,0,0,False,False,Z
502587,2005-12-20,LGA,MDW,TZ,N314TZ,4227,1451,1448,1619,1612,1509,1602,0,0,0,0,0,False,False,Z
502588,2005-12-20,MEM,LGA,NW,N373NB,632,1454,1452,1832,1834,1519,1826,0,0,0,0,0,False,False,Z
502589,2005-12-20,LGA,PBI,B6,N536JB,365,1455,1516,1755,1825,1536,1820,17,0,9,0,4,False,False,Z
502590,2005-12-20,CVG,LGA,DL,N682DA,1522,1455,1457,1646,1652,1513,1640,0,0,0,0,0,False,False,Z
502591,2005-12-20,PHF,LGA,FL,N940AT,974,1455,1552,1612,1709,1605,1700,0,0,0,0,57,False,False,Z
502592,2005-12-20,LGA,ORD,UA,N303UA,685,1455,1448,1640,1616,1502,1604,0,0,0,0,0,False,False,Z
502593,2005-12-20,LGA,PBI,DL,N648DL,2006,1459,1506,1755,1812,1525,1808,0,0,10,0,7,False,False,Z
502594,2005-12-20,LGA,ORD,AA,N510AA,337,1500,1502,1638,1624,1515,1617,0,0,0,0,0,False,False,Z
502595,2005-12-20,ORD,LGA,AA,N290AA,362,1500,1502,1811,1757,1517,1753,0,0,0,0,0,False,False,Z
502596,2005-12-20,LGA,ATL,AA,N429AA,2393,1500,1500,1738,1723,1516,1716,0,0,0,0,0,False,False,Z
502597,2005-12-20,LGA,IAH,CO,N16632,133,1500,1516,1804,1755,1533,1748,0,0,0,0,0,False,False,Z
502598,2005-12-20,IAD,LGA,DH,N807BR,990,1500,1458,1635,1613,1521,1605,0,0,0,0,0,False,False,Z
502599,2005-12-20,LGA,ATL,DL,N920DL,237,1500,1500,1738,1735,1521,1722,0,0,0,0,0,False,False,Z
502600,2005-12-20,LGA,RDU,MQ,N700LE,4716,1500,1500,1640,1629,1518,1626,0,0,0,0,0,False,False,Z
502601,2005-12-20,LGA,DCA,MQ,N734EK,4787,1500,1451,1613,1553,1507,1546,0,0,0,0,0,False,False,Z
502602,2005-12-20,LGA,BOS,MQ,N711PH,4809,1500,1505,1609,1601,1520,1556,0,0,0,0,0,False,False,Z
502603,2005-12-20,PWM,LGA,OH,N435CA,5547,1500,1454,1632,1610,1506,1603,0,0,0,0,0,False,False,Z
502604,2005-12-20,JAX,LGA,OH,N938CA,5435,1500,1500,1725,1707,1510,1701,0,0,0,0,0,False,False,Z
502605,2005-12-20,ORD,LGA,UA,N914UA,686,1500,1518,1814,1822,1538,1818,0,0,0,0,0,False,False,Z
502606,2005-12-20,LGA,BOS,US,N760UW,2132,1500,1453,1607,1549,1503,1537,0,0,0,0,0,False,False,Z
502607,2005-12-20,LGA,DCA,US,N758UW,2179,1500,1456,1611,1559,1512,1557,0,0,0,0,0,False,False,Z
502608,2005-12-20,BOS,LGA,US,N766UW,2133,1500,1453,1606,1552,1503,1547,0,0,0,0,0,False,False,Z
502609,2005-12-20,DCA,LGA,US,N742UW,2176,1500,1455,1608,1605,1513,1558,0,0,0,0,0,False,False,Z
502610,2005-12-20,LGA,DTW,MQ,N710TB,4847,1510,1510,1714,1720,1542,1709,0,0,0,0,0,False,False,Z
502611,2005-12-20,RDU,LGA,OH,N641CA,5507,1510,1527,1648,1701,1545,1653,0,0,0,0,0,False,False,Z
502612,2005-12-20,LGA,PHF,FL,N942AT,979,1511,1510,1630,1630,1530,1620,0,0,0,0,0,False,False,Z
502613,2005-12-20,ATL,LGA,MQ,N721HS,4866,1512,1622,1734,1853,1653,1837,0,0,12,0,67,False,False,Z
502614,2005-12-20,DTW,LGA,NW,N9338,530,1514,1518,1659,1703,1535,1654,0,0,0,0,0,False,False,Z
502615,2005-12-20,CLE,LGA,CO,N33637,1450,1515,1512,1658,1646,1529,1634,0,0,0,0,0,False,False,Z
502616,2005-12-20,ATL,LGA,FL,N998AT,376,1515,1515,1721,1810,1535,1722,0,0,49,0,0,False,False,Z
502617,2005-12-20,LGA,SAV,OH,N781CA,5606,1515,1515,1731,1738,1535,1735,0,0,0,0,0,False,False,Z
502618,2005-12-20,LGA,STL,AA,N543AA,555,1520,1520,1712,1701,1544,1657,0,0,0,0,0,False,False,Z
502619,2005-12-20,LGA,PBI,AA,N581AA,2271,1520,1534,1823,1849,1552,1842,14,0,12,0,0,False,False,Z
502620,2005-12-20,RDU,LGA,MQ,N719AE,4741,1520,1519,1654,1646,1529,1641,0,0,0,0,0,False,False,Z
502621,2005-12-20,BNA,LGA,AA,N495AA,1452,1525,1554,1834,1859,1604,1848,0,0,0,0,25,False,False,Z
502622,2005-12-20,MCO,LGA,DL,N6704Z,1991,1526,1845,1759,2104,1902,2059,185,0,0,0,0,False,False,Z
502623,2005-12-20,ORD,LGA,AA,N4XUAA,360,1530,1525,1841,1827,1543,1824,0,0,0,0,0,False,False,Z
502624,2005-12-20,DFW,LGA,AA,N3AKAA,742,1530,1619,1949,2026,1633,2020,26,11,0,0,0,False,False,Z
502625,2005-12-20,ATL,LGA,DL,N688DL,508,1530,1529,1746,1741,1547,1730,0,0,0,0,0,False,False,Z
502626,2005-12-20,BOS,LGA,DL,N906DL,1925,1530,1528,1641,1630,1545,1627,0,0,0,0,0,False,False,Z
502627,2005-12-20,LGA,BOS,DL,N915DL,1926,1530,1528,1637,1633,1548,1625,0,0,0,0,0,False,False,Z
502628,2005-12-20,DCA,LGA,DL,N912DL,1958,1530,1530,1640,1627,1542,1625,0,0,0,0,0,False,False,Z
502629,2005-12-20,LGA,DCA,DL,N911DL,1959,1530,1529,1640,1637,1551,1632,0,0,0,0,0,False,False,Z
502630,2005-12-20,PBI,LGA,DL,N613DL,2078,1530,1529,1820,1803,1540,1754,0,0,0,0,0,False,False,Z
502631,2005-12-20,DTW,LGA,MQ,N723AE,4883,1530,1537,1720,1713,1549,1706,0,0,0,0,0,False,False,Z
502632,2005-12-20,LGA,CMH,MQ,N704PG,4919,1530,1527,1721,1716,1549,1712,0,0,0,0,0,False,False,Z
502633,2005-12-20,LGA,RDU,OH,N967CA,5009,1530,1550,1714,1725,1605,1720,0,0,0,0,0,False,False,Z
502634,2005-12-20,LGA,JAX,OH,N989CA,5436,1530,1605,1810,1835,1625,1832,0,0,25,0,0,False,False,Z
502635,2005-12-20,LGA,PIT,US,N356US,925,1530,1527,1702,1705,1554,1659,0,0,0,0,0,False,False,Z
502636,2005-12-20,MIA,LGA,AA,N5CNAA,670,1531,1531,1830,1820,1541,1802,0,0,0,0,0,False,False,Z
502637,2005-12-20,CLT,LGA,OH,N912CA,5536,1531,1525,1730,1719,1551,1711,0,0,0,0,0,False,False,Z
502638,2005-12-20,MSP,LGA,NW,N556NW,784,1535,1605,1921,1943,1628,1935,7,0,0,0,15,False,False,Z
502639,2005-12-20,LGA,CLT,MQ,N702AE,4901,1540,1715,1735,1905,1730,1858,90,0,0,0,0,False,False,Z
502640,2005-12-20,RIC,LGA,OH,N488CA,5266,1540,1530,1655,1642,1539,1626,0,0,0,0,0,False,False,Z
502641,2005-12-20,CLT,LGA,US,N383US,1298,1540,1539,1723,1720,1553,1713,0,0,0,0,0,False,False,Z
502642,2005-12-20,LGA,FLL,AA,N3DCAA,1521,1541,1536,1851,1848,1555,1833,0,0,0,0,0,False,False,Z
502643,2005-12-20,LGA,ATL,FL,N184AT,367,1545,1555,1825,1816,1606,1806,0,0,0,0,0,False,False,Z
502644,2005-12-20,IAH,LGA,CO,N16618,632,1555,1555,2024,2003,1616,1957,0,0,0,0,0,False,False,Z
502645,2005-12-20,LGA,XNA,MQ,N720AE,4837,1555,1550,1831,1803,1602,1758,0,0,0,0,0,False,False,Z
502646,2005-12-20,STL,LGA,AA,N245AA,698,1557,1554,1919,1921,1606,1907,0,0,0,0,0,False,False,Z
502647,2005-12-20,LGA,ORD,AA,N486AA,341,1600,1553,1743,1750,1616,1715,0,0,0,0,0,False,False,Z
502648,2005-12-20,ORD,LGA,AA,N416AA,358,1600,1555,1911,1853,1606,1845,0,0,0,0,0,False,False,Z
502649,2005-12-20,LGA,CLE,CO,N58606,1551,1600,1558,1748,1729,1611,1721,0,0,0,0,0,False,False,Z
502650,2005-12-20,LGA,ATL,DL,N138DL,1768,1600,1607,1840,1841,1636,1834,0,0,0,0,0,False,False,Z
502651,2005-12-20,LGA,MCO,DL,N640DL,2046,1600,1607,1856,1905,1620,1856,0,0,0,0,0,False,False,Z
502652,2005-12-20,LGA,DCA,MQ,N800AE,4789,1600,1555,1717,1657,1609,1654,0,0,0,0,0,False,False,Z
502653,2005-12-20,DCA,LGA,MQ,N729AE,4790,1600,1556,1714,1724,1621,1705,0,0,0,0,0,False,False,Z
502654,2005-12-20,BOS,LGA,MQ,N705AE,4818,1600,1615,1721,1720,1628,1711,0,0,0,0,0,False,False,Z
502655,2005-12-20,LGA,BTR,OH,N369CA,4953,1600,1615,1820,1836,1631,1830,0,0,16,0,0,False,False,Z
502656,2005-12-20,LGA,GSO,OH,N959CA,5546,1600,1645,1752,1819,1704,1814,27,0,0,0,0,False,False,Z
502657,2005-12-20,LGA,ORD,UA,N349UA,687,1600,1559,1745,1727,1622,1722,0,0,0,0,0,False,False,Z
502658,2005-12-20,ORD,LGA,UA,N416UA,688,1600,1552,1916,1857,1609,1853,0,0,0,0,0,False,False,Z
502659,2005-12-20,LGA,BOS,US,N733UW,2134,1600,1557,1707,1657,1607,1645,0,0,0,0,0,False,False,Z
502660,2005-12-20,LGA,DCA,US,N752UW,2181,1600,1554,1711,1646,1603,1644,0,0,0,0,0,False,False,Z
502661,2005-12-20,PIT,LGA,US,N515AU,496,1600,1553,1724,1712,1603,1703,0,0,0,0,0,False,False,Z
502662,2005-12-20,BOS,LGA,US,N762UW,2135,1600,1555,1706,1654,1604,1647,0,0,0,0,0,False,False,Z
502663,2005-12-20,DCA,LGA,US,N745UW,2178,1600,1552,1705,1727,1619,1720,0,0,22,0,0,False,False,Z
502664,2005-12-20,CLT,LGA,MQ,N715AE,4896,1601,1559,1804,1744,1618,1738,0,0,0,0,0,False,False,Z
502665,2005-12-20,DEN,LGA,UA,N810UA,406,1601,1600,2129,2125,1613,2122,0,0,0,0,0,False,False,Z
502666,2005-12-20,LGA,DFW,AA,N509AA,759,1602,1640,1910,1932,1659,1909,22,0,0,0,0,False,False,Z
502667,2005-12-20,MDW,LGA,TZ,N304TZ,4216,1605,1602,1916,1905,1614,1855,0,0,0,0,0,False,False,Z
502668,2005-12-20,LGA,FLL,B6,N579JB,381,1615,1616,1925,1912,1627,1910,0,0,0,0,0,False,False,Z
502669,2005-12-20,BHM,LGA,OH,N941CA,5127,1615,1615,1943,1923,1622,1920,0,0,0,0,0,False,False,Z
502670,2005-12-20,LGA,MIA,AA,N3BPAA,1523,1616,1616,1925,1934,1638,1929,0,0,0,0,0,False,False,Z
502671,2005-12-20,LGA,CLE,MQ,N718AE,4875,1617,1616,1804,1746,1628,1740,0,0,0,0,0,False,False,Z
502672,2005-12-20,LGA,MDW,TZ,N305TZ,4209,1619,1619,1747,1736,1639,1732,0,0,0,0,0,False,False,Z
502673,2005-12-20,LGA,CLT,US,N179UW,1187,1620,1627,1822,1819,1643,1814,0,0,0,0,0,False,False,Z
502674,2005-12-20,DFW,LGA,AA,N3CRAA,744,1623,1635,2042,2045,1648,2042,0,0,0,0,0,False,False,Z
502675,2005-12-20,TPA,LGA,DL,N649DL,2050,1625,1621,1903,1850,1633,1842,0,0,0,0,0,False,False,Z
502676,2005-12-20,LGA,DTW,NW,N518US,261,1625,1821,1828,2015,1848,2007,15,0,0,0,92,False,False,Z
502677,2005-12-20,MIA,LGA,AA,N3CWAA,1886,1629,1625,1930,1912,1644,1904,0,0,0,0,0,False,False,Z
502678,2005-12-20,LGA,MEM,NW,N367NW,631,1629,1629,1832,1818,1651,1813,0,0,0,0,0,False,False,Z
502679,2005-12-20,ATL,LGA,DL,N3766,1106,1630,1632,1845,1842,1645,1830,0,0,0,0,0,False,False,Z
502680,2005-12-20,BOS,LGA,DL,N910DE,1927,1630,1627,1736,1739,1643,1732,0,0,0,0,0,False,False,Z
502681,2005-12-20,LGA,BOS,DL,N908DE,1928,1630,1629,1736,1734,1646,1727,0,0,0,0,0,False,False,Z
502682,2005-12-20,DCA,LGA,DL,N909DE,1960,1630,1629,1736,1742,1643,1737,0,0,0,0,0,False,False,Z
502683,2005-12-20,LGA,DCA,DL,N917DL,1961,1630,1628,1743,1731,1648,1727,0,0,0,0,0,False,False,Z
502684,2005-12-20,LGA,PBI,DL,N6711M,1986,1630,1637,1927,1942,1652,1937,5,0,8,0,2,False,False,Z
502685,2005-12-20,LGA,RDU,MQ,N735TS,4747,1630,1628,1814,1756,1645,1753,0,0,0,0,0,False,False,Z
502686,2005-12-20,LGA,CAE,OH,N435CA,5456,1630,1645,1840,1850,1707,1840,0,0,0,0,0,False,False,Z
502687,2005-12-20,CAK,LGA,FL,N975AT,203,1640,1640,1803,1813,1656,1801,0,0,0,0,0,False,False,Z
502688,2005-12-20,XNA,LGA,MQ,N722AE,4838,1641,1639,2040,2022,1647,2010,0,0,0,0,0,False,False,Z
502689,2005-12-20,LGA,CMH,OH,N479CA,4993,1645,1655,1844,1834,1713,1832,0,0,0,0,0,False,False,Z
502690,2005-12-20,LGA,ATL,FL,N940AT,349,1652,1734,1930,2020,1813,2012,0,0,8,0,42,False,False,Z
502691,2005-12-20,LGA,DFW,AA,N433AA,769,1655,1654,2005,1931,1711,1921,0,0,0,0,0,False,False,Z
502692,2005-12-20,DEN,LGA,F9,N907FR,516,1655,1720,2225,2300,1730,2249,2,0,26,0,7,False,False,Z
502693,2005-12-20,LGA,IAH,CO,N27213,1433,1659,1657,1956,1941,1716,1934,0,0,0,0,0,False,False,Z
502694,2005-12-20,LGA,ORD,AA,N242AA,345,1700,1702,1843,1841,1721,1817,0,0,0,0,0,False,False,Z
502695,2005-12-20,ORD,LGA,AA,N283AA,354,1700,1658,2009,1952,1711,1946,0,0,0,0,0,False,False,Z
502696,2005-12-20,LGA,ATL,DL,N967DL,489,1700,1700,1938,1920,1715,1913,0,0,0,0,0,False,False,Z
502697,2005-12-20,PHF,LGA,FL,N942AT,975,1700,1700,1818,1907,1714,1807,0,0,49,0,0,False,False,Z
502698,2005-12-20,LGA,DCA,MQ,N857AE,4791,1700,1651,1817,1800,1713,1757,0,0,0,0,0,False,False,Z
502699,2005-12-20,DCA,LGA,MQ,N734EK,4792,1700,1656,1815,1757,1708,1752,0,0,0,0,0,False,False,Z
502700,2005-12-20,LGA,BOS,MQ,N730KW,4811,1700,1701,1813,1807,1727,1804,0,0,0,0,0,False,False,Z
502701,2005-12-20,BOS,LGA,MQ,,4820,1700,9999,1822,9999,9999,9999,9999,9999,9999,9999,9999,True,False,A
502702,2005-12-20,LGA,GSP,OH,N807CA,5806,1700,1710,1905,1925,1742,1922,0,0,20,0,0,False,False,Z
502703,2005-12-20,LGA,DEN,UA,N579UA,1241,1700,1658,1928,1909,1722,1903,0,0,0,0,0,False,False,Z
502704,2005-12-20,LGA,BOS,US,N766UW,2136,1700,1654,1810,1750,1704,1743,0,0,0,0,0,False,False,Z
502705,2005-12-20,LGA,DCA,US,N742UW,2183,1700,1655,1811,1802,1718,1800,0,0,0,0,0,False,False,Z
502706,2005-12-20,BOS,LGA,US,N737UW,2137,1700,1658,1806,1807,1711,1758,0,0,0,0,0,False,False,Z
502707,2005-12-20,DCA,LGA,US,N767UW,2180,1700,1656,1808,1759,1705,1751,0,0,0,0,0,False,False,Z
502708,2005-12-20,CLE,LGA,XE,N16510,2607,1705,1659,1843,1832,1715,1827,0,0,0,0,0,False,False,Z
502709,2005-12-20,LGA,ORD,UA,N506UA,689,1705,1700,1845,1836,1724,1818,0,0,0,0,0,False,False,Z
502710,2005-12-20,ORD,LGA,UA,N519UA,690,1705,1702,2019,1951,1717,1948,0,0,0,0,0,False,False,Z
502711,2005-12-20,CLT,LGA,US,N749UW,1108,1705,1705,1845,1840,1714,1835,0,0,0,0,0,False,False,Z
502712,2005-12-20,PBI,LGA,B6,N508JB,364,1710,1719,2000,1949,1730,1939,0,0,0,0,0,False,False,Z
502713,2005-12-20,DTW,LGA,NW,N517US,536,1712,1712,1900,1913,1744,1900,0,0,0,0,0,False,False,Z
502714,2005-12-20,LGA,IAD,DH,N807BR,993,1715,1717,1855,1836,1735,1828,0,0,0,0,0,False,False,Z
502715,2005-12-20,FLL,LGA,US,N716UW,1132,1715,1725,2007,1948,1732,1942,0,0,0,0,0,False,False,Z
502716,2005-12-20,BNA,LGA,AA,N4YPAA,1468,1720,1729,2025,2026,1742,2015,0,0,0,0,0,False,False,Z
502717,2005-12-20,MDW,LGA,TZ,N314TZ,4206,1720,1717,2027,2008,1726,2002,0,0,0,0,0,False,False,Z
502718,2005-12-20,RDU,LGA,MQ,N708AE,4745,1721,1716,1900,1853,1728,1845,0,0,0,0,0,False,False,Z
502719,2005-12-20,DFW,LGA,AA,N3BTAA,750,1723,1744,2139,2202,1805,2157,21,0,2,0,0,False,False,Z
502720,2005-12-20,FLL,LGA,DL,N610DL,2086,1725,1832,2030,2117,1844,2102,1,0,0,0,46,False,False,Z
502721,2005-12-20,ORD,LGA,AA,N271AA,352,1730,1724,2039,2033,1751,2029,0,0,0,0,0,False,False,Z
502722,2005-12-20,LGA,DFW,AA,N617AA,785,1730,2240,2034,110,2258,106,0,0,0,0,276,False,False,Z
502723,2005-12-20,HOU,LGA,AA,N487AA,1454,1730,1730,2147,2136,1742,2131,0,0,0,0,0,False,False,Z
502724,2005-12-20,ATL,LGA,DL,N989DL,1601,1730,1731,1952,1939,1747,1927,0,0,0,0,0,False,False,Z
502725,2005-12-20,BOS,LGA,DL,N915DL,1929,1730,1728,1841,1832,1746,1829,0,0,0,0,0,False,False,Z
502726,2005-12-20,LGA,BOS,DL,N906DL,1930,1730,1728,1841,1843,1752,1833,0,0,0,0,0,False,False,Z
502727,2005-12-20,DCA,LGA,DL,N911DL,1962,1730,1729,1840,1836,1746,1833,0,0,0,0,0,False,False,Z
502728,2005-12-20,LGA,DCA,DL,N912DL,1963,1730,1746,1843,1901,1815,1858,16,0,2,0,0,False,False,Z
502729,2005-12-20,LGA,RDU,OH,N641CA,5515,1730,1730,1914,1906,1756,1902,0,0,0,0,0,False,False,Z
502730,2005-12-20,CHS,LGA,OH,N589SW,5392,1730,1730,1932,1919,1737,1909,0,0,0,0,0,False,False,Z
502731,2005-12-20,LGA,CVG,DL,N948DL,1022,1735,1733,1957,1936,1746,1929,0,0,0,0,0,False,False,Z
502732,2005-12-20,LGA,DEN,F9,N943FR,511,1735,1733,2005,1938,1751,1930,0,0,0,0,0,False,False,Z
502733,2005-12-20,LGA,CMH,MQ,N719AE,4874,1735,1733,1927,1924,1749,1920,0,0,0,0,0,False,False,Z
502734,2005-12-20,IAH,LGA,CO,N73259,1632,1740,1754,2202,2215,1827,2210,0,0,0,0,0,False,False,Z
502735,2005-12-20,DTW,LGA,MQ,N710TB,4861,1744,1743,1937,1932,1804,1920,0,0,0,0,0,False,False,Z
502736,2005-12-20,LGA,RDU,MQ,N716AE,4736,1745,1807,1931,1938,1825,1934,0,0,0,0,0,False,False,Z
502737,2005-12-20,LGA,CHS,OH,N488CA,5394,1745,1745,1958,1943,1758,1935,0,0,0,0,0,False,False,Z
502738,2005-12-20,RDU,LGA,OH,N729CA,5293,1745,1757,1920,1926,1808,1918,0,0,0,0,0,False,False,Z
502739,2005-12-20,STL,LGA,AA,N543AA,516,1747,1745,2105,2059,1756,2054,0,0,0,0,0,False,False,Z
502740,2005-12-20,MIA,LGA,AA,N3CEAA,1072,1750,1757,2051,2038,1818,2033,0,0,0,0,0,False,False,Z
502741,2005-12-20,LGA,MIA,AA,N5CVAA,1393,1750,1755,2057,2113,1819,2103,0,0,16,0,0,False,False,Z
502742,2005-12-20,CMH,LGA,MQ,N704PG,4918,1751,1749,1936,1931,1803,1921,0,0,0,0,0,False,False,Z
502743,2005-12-20,LGA,MSP,NW,N554NW,355,1753,1839,2005,2059,1854,2050,28,0,8,0,18,False,False,Z
502744,2005-12-20,LGA,RIC,OH,N938CA,5268,1755,1815,1925,1926,1830,1920,0,0,0,0,0,False,False,Z
502745,2005-12-20,LGA,HOU,AA,N536AA,1685,1756,1758,2103,2102,1831,2054,0,0,0,0,0,False,False,Z
502746,2005-12-20,ATL,LGA,FL,N923AT,372,1759,1830,2019,2032,1848,2023,0,0,0,0,0,False,False,Z
502747,2005-12-20,LGA,CAK,FL,N998AT,212,1759,1846,1937,2019,1850,2017,0,0,0,0,42,False,False,Z
502748,2005-12-20,LGA,DTW,NW,N9338,529,1759,1756,1957,1942,1806,1933,0,0,0,0,0,False,False,Z
502749,2005-12-20,LGA,ORD,AA,N549AA,349,1800,1800,1944,1939,1813,1914,0,0,0,0,0,False,False,Z
502750,2005-12-20,ORD,LGA,AA,N223AA,350,1800,1808,2108,2107,1823,2100,0,0,0,0,0,False,False,Z
502751,2005-12-20,FLL,LGA,B6,N506JB,378,1800,1804,2100,2045,1824,2038,0,0,0,0,0,False,False,Z
502752,2005-12-20,LGA,CLE,CO,N33637,1651,1800,1758,1950,1949,1816,1935,0,0,0,0,0,False,False,Z
502753,2005-12-20,LGA,ATL,DL,N682DA,1009,1800,1759,2040,2028,1821,2018,0,0,0,0,0,False,False,Z
502754,2005-12-20,LGA,BOS,MQ,N729AE,4813,1800,1750,1914,1849,1809,1845,0,0,0,0,0,False,False,Z
502755,2005-12-20,LGA,ORD,UA,N424UA,691,1800,1754,1949,1912,1807,1900,0,0,0,0,0,False,False,Z
502756,2005-12-20,ORD,LGA,UA,N443UA,692,1800,1953,2114,2243,2008,2239,6,0,0,0,83,False,False,Z
502757,2005-12-20,LGA,BOS,US,N762UW,2138,1800,1754,1908,1847,1801,1840,0,0,0,0,0,False,False,Z
502758,2005-12-20,LGA,DCA,US,N745UW,2185,1800,1755,1910,1854,1802,1852,0,0,0,0,0,False,False,Z
502759,2005-12-20,BOS,LGA,US,N740UW,2139,1800,1755,1911,1905,1811,1857,0,0,0,0,0,False,False,Z
502760,2005-12-20,DCA,LGA,US,N744UW,2182,1800,1754,1913,1900,1808,1852,0,0,0,0,0,False,False,Z
502761,2005-12-20,TPA,LGA,AA,N4XAAA,1282,1804,1844,2040,2104,1852,2056,0,0,0,0,24,False,False,Z
502762,2005-12-20,CLT,LGA,MQ,,4900,1805,9999,2003,9999,9999,9999,9999,9999,9999,9999,9999,True,False,A
502763,2005-12-20,IND,LGA,NW,N9343,637,1805,1756,2005,2001,1812,1944,0,0,0,0,0,False,False,Z
502764,2005-12-20,GSO,LGA,OH,N936CA,5568,1810,1809,1955,1940,1820,1928,0,0,0,0,0,False,False,Z
502765,2005-12-20,LGA,CLT,US,N383US,889,1810,1807,2015,1958,1822,1954,0,0,0,0,0,False,False,Z
502766,2005-12-20,LGA,CLT,OH,N912CA,5594,1815,1815,2018,2010,1833,2001,0,0,0,0,0,False,False,Z
502767,2005-12-20,SAV,LGA,OH,N781CA,5598,1815,1940,2021,2135,1945,2130,74,0,0,0,0,False,False,Z
502768,2005-12-20,LGA,PIT,US,N515AU,733,1815,1811,1949,1933,1827,1929,0,0,0,0,0,False,False,Z
502769,2005-12-20,ATL,LGA,AA,N429AA,2394,1820,1826,2033,2036,1854,2032,0,0,0,0,0,False,False,Z
502770,2005-12-20,LGA,GRR,MQ,N721HS,4923,1820,1920,2029,2130,1947,2126,0,0,1,0,60,False,False,Z
502771,2005-12-20,LGA,MCI,AA,N494AA,489,1830,1829,2050,2023,1841,2020,0,0,0,0,0,False,False,Z
502772,2005-12-20,ATL,LGA,DL,N998DL,602,1830,1827,2100,2041,1859,2035,0,0,0,0,0,False,False,Z
502773,2005-12-20,BOS,LGA,DL,N908DE,1931,1830,1829,1937,1937,1850,1932,0,0,0,0,0,False,False,Z
502774,2005-12-20,LGA,BOS,DL,N910DE,1932,1830,1828,1937,1926,1842,1920,0,0,0,0,0,False,False,Z
502775,2005-12-20,DCA,LGA,DL,N917DL,1964,1830,1828,1929,1928,1838,1924,0,0,0,0,0,False,False,Z
502776,2005-12-20,LGA,DCA,DL,N909DE,1965,1830,1828,1937,1929,1844,1924,0,0,0,0,0,False,False,Z
502777,2005-12-20,MEM,LGA,NW,N344NW,1859,1832,1835,2200,2216,1856,2206,0,0,16,0,0,False,False,Z
502778,2005-12-20,DEN,LGA,UA,N594UA,408,1832,1831,2355,2400,1845,2354,0,0,0,0,0,False,False,Z
502779,2005-12-20,CLE,LGA,MQ,N718AE,4888,1834,1825,2011,1957,1848,1952,0,0,0,0,0,False,False,Z
502780,2005-12-20,JAX,LGA,OH,N989CA,5436,1840,1900,2103,2116,1916,2108,0,0,0,0,0,False,False,Z
502781,2005-12-20,MDW,LGA,TZ,N305TZ,4226,1840,1836,2147,2123,1847,2120,0,0,0,0,0,False,False,Z
502782,2005-12-20,LGA,PHF,FL,N975AT,978,1842,1838,2003,1946,1852,1941,0,0,0,0,0,False,False,Z
502783,2005-12-20,DFW,LGA,AA,N561AA,766,1843,1843,2301,2252,1850,2246,0,0,0,0,0,False,False,Z
502784,2005-12-20,LGA,STL,AA,N474AA,2019,1843,1843,2032,2019,1900,2015,0,0,0,0,0,False,False,Z
502785,2005-12-20,PBI,LGA,B6,N536JB,366,1845,1904,2135,2130,1917,2125,0,0,0,0,0,False,False,Z
502786,2005-12-20,CLE,LGA,CO,N59630,1050,1845,1841,2028,2001,1856,1955,0,0,0,0,0,False,False,Z
502787,2005-12-20,LGA,FLL,DL,N610DL,2023,1845,2207,2143,117,2225,110,202,0,12,0,0,False,False,Z
502788,2005-12-20,LGA,MCO,AA,N553AA,1329,1846,1850,2132,2139,1913,2133,0,0,0,0,0,False,False,Z
502789,2005-12-20,LGA,CMH,MQ,N715AE,4855,1850,1847,2043,2028,1903,2022,0,0,0,0,0,False,False,Z
502790,2005-12-20,MSP,LGA,NW,N526US,1654,1850,2016,2229,2339,2030,2333,16,0,0,0,54,False,False,Z
502791,2005-12-20,BTR,LGA,OH,N369CA,4953,1850,1900,2245,2238,1921,2234,0,0,0,0,0,False,False,Z
502792,2005-12-20,LGA,MDW,TZ,N332TZ,4207,1850,1845,2024,1958,1859,1952,0,0,0,0,0,False,False,Z
502793,2005-12-20,LGA,CLT,MQ,,4897,1851,9999,2048,9999,9999,9999,9999,9999,9999,9999,9999,True,False,A
502794,2005-12-20,IAH,LGA,CO,N18243,732,1855,1911,2314,2326,1941,2321,0,0,0,0,0,False,False,Z
502795,2005-12-20,LGA,BNA,AA,N445AA,1551,1859,1947,2030,2106,2004,2102,36,0,0,0,0,False,False,Z
502796,2005-12-20,LGA,ATL,FL,N942AT,119,1859,1932,2132,2204,1957,2158,0,0,0,0,32,False,False,Z
502797,2005-12-20,DCA,LGA,MQ,N857AE,4794,1859,1850,2015,1959,1912,1951,0,0,0,0,0,False,False,Z
502798,2005-12-20,ORD,LGA,AA,N437AA,346,1900,1910,2207,2159,1925,2156,0,0,0,0,0,False,False,Z
502799,2005-12-20,LGA,ORD,AA,N290AA,353,1900,1904,2040,2028,1921,2017,0,0,0,0,0,False,False,Z
502800,2005-12-20,LGA,IAH,CO,N37281,233,1900,1858,2155,2159,1920,2147,0,0,0,0,0,False,False,Z
502801,2005-12-20,LGA,ATL,DL,N688DL,635,1900,1859,2137,2141,1924,2119,0,0,0,0,0,False,False,Z
502802,2005-12-20,LGA,TPA,DL,N613DL,1997,1900,1856,2200,2159,1912,2155,0,0,0,0,0,False,False,Z
502803,2005-12-20,LGA,DCA,MQ,N723AE,4793,1900,1850,2014,1952,1901,1948,0,0,0,0,0,False,False,Z
502804,2005-12-20,LGA,BOS,MQ,,4815,1900,9999,2014,9999,9999,9999,9999,9999,9999,9999,9999,True,False,A
502805,2005-12-20,BOS,LGA,MQ,N730KW,4823,1900,1854,2025,2017,1913,2001,0,0,0,0,0,False,False,Z
502806,2005-12-20,ORD,LGA,UA,N307UA,694,1900,1905,2210,2206,1922,2201,0,0,0,0,0,False,False,Z
502807,2005-12-20,LGA,BOS,US,N737UW,2140,1900,1900,2008,1947,1908,1943,0,0,0,0,0,False,False,Z
502808,2005-12-20,LGA,DCA,US,N767UW,2187,1900,1855,2009,1957,1904,1953,0,0,0,0,0,False,False,Z
502809,2005-12-20,FLL,LGA,US,N710UW,328,1900,1905,2200,2158,1939,2153,0,0,0,0,0,False,False,Z
502810,2005-12-20,BOS,LGA,US,N758UW,2141,1900,1855,2010,2003,1909,1958,0,0,0,0,0,False,False,Z
502811,2005-12-20,DCA,LGA,US,N760UW,2184,1900,1856,2005,2006,1918,2000,0,0,0,0,0,False,False,Z
502812,2005-12-20,XNA,LGA,MQ,N720AE,4829,1901,1856,2247,2230,1900,2224,0,0,0,0,0,False,False,Z
502813,2005-12-20,LGA,DFW,AA,N214AA,787,1902,1918,2206,2155,1940,2150,0,0,0,0,0,False,False,Z
502814,2005-12-20,PBI,LGA,AA,N581AA,1010,1905,1928,2152,2200,1939,2151,0,0,0,0,0,False,False,Z
502815,2005-12-20,CVG,LGA,DL,N986DL,1215,1905,1902,2100,2046,1917,2040,0,0,0,0,0,False,False,Z
502816,2005-12-20,LGA,ORD,UA,N816UA,693,1910,1908,2054,2028,1931,2025,0,0,0,0,0,False,False,Z
502817,2005-12-20,CMH,LGA,OH,N479CA,4993,1915,1905,2100,2033,1915,2024,0,0,0,0,0,False,False,Z
502818,2005-12-20,CLT,LGA,US,N169UW,120,1915,1922,2100,2053,1933,2051,0,0,0,0,0,False,False,Z
502819,2005-12-20,LGA,IAD,UA,N914UA,847,1916,1907,2048,2020,1926,2013,0,0,0,0,0,False,False,Z
502820,2005-12-20,LGA,ATL,AA,N495AA,1297,1917,1941,2152,2209,2002,2200,0,0,1,0,16,False,False,Z
502821,2005-12-20,LGA,MSP,NW,N373NB,519,1920,1919,2116,2121,1938,2114,0,0,0,0,0,False,False,Z
502822,2005-12-20,DTW,LGA,NW,N942N,538,1921,1917,2111,2044,1931,2036,0,0,0,0,0,False,False,Z
502823,2005-12-20,LGA,MIA,AA,N5CNAA,653,1927,1931,2232,2237,1954,2234,0,0,0,0,0,False,False,Z
502824,2005-12-20,RDU,LGA,MQ,N826AE,4735,1927,1919,2100,2049,1929,2045,0,0,0,0,0,False,False,Z
502825,2005-12-20,IAD,LGA,DH,N654BR,1994,1930,1935,2100,2053,2002,2048,0,0,0,0,0,False,False,Z
502826,2005-12-20,ATL,LGA,DL,N172DZ,844,1930,1927,2155,2145,1958,2135,0,0,0,0,0,False,False,Z
502827,2005-12-20,LGA,BOS,DL,N915DL,1934,1930,1928,2035,2034,1949,2025,0,0,0,0,0,False,False,Z
502828,2005-12-20,DCA,LGA,DL,N912DL,1966,1930,1930,2042,2036,1949,2030,0,0,0,0,0,False,False,Z
502829,2005-12-20,LGA,DCA,DL,N911DL,1967,1930,1930,2038,2036,1950,2030,0,0,0,0,0,False,False,Z
502830,2005-12-20,MCO,LGA,DL,N651DL,2095,1930,1943,2204,2157,1954,2149,0,0,0,0,0,False,False,Z
502831,2005-12-20,RSW,LGA,OH,N340CA,5486,1930,1930,2220,2153,1939,2146,0,0,0,0,0,False,False,Z
502832,2005-12-20,LGA,CLE,XE,N16510,2315,1930,1922,2113,2103,1941,2049,0,0,0,0,0,False,False,Z
502833,2005-12-20,LGA,FLL,US,N749UW,301,1930,1923,2233,2234,1943,2232,0,0,0,0,0,False,False,Z
502834,2005-12-20,FLL,LGA,AA,N3DCAA,1520,1936,1930,2228,2219,2002,2213,0,0,0,0,0,False,False,Z
502835,2005-12-20,LGA,TPA,AA,N4XMAA,543,1940,2008,2238,2256,2024,2250,0,0,3,0,15,False,False,Z
502836,2005-12-20,LGA,RDU,MQ,N708AE,4749,1940,1940,2123,2115,2001,2112,0,0,0,0,0,False,False,Z
502837,2005-12-20,MDW,LGA,TZ,N321TZ,4208,1940,1939,2247,2235,1955,2226,0,0,0,0,0,False,False,Z
502838,2005-12-20,MCO,LGA,AA,N5DAAA,1832,1941,1936,2205,2155,1949,2141,0,0,0,0,0,False,False,Z
502839,2005-12-20,ATL,LGA,FL,N968AT,368,1945,2122,2200,2309,2133,2305,0,0,0,0,69,False,False,Z
502840,2005-12-20,LGA,DTW,NW,N517US,527,1950,2001,2149,2205,2037,2158,0,0,5,0,11,False,False,Z
502841,2005-12-20,CMH,LGA,MQ,N719AE,4885,1957,1952,2138,2121,1959,2117,0,0,0,0,0,False,False,Z
502842,2005-12-20,LGA,MCO,DL,N649DL,1993,1959,1951,2241,2254,2016,2250,0,0,0,0,0,False,False,Z
502843,2005-12-20,PWM,LGA,OH,N983CA,5551,1959,1950,2124,2113,1955,2100,0,0,0,0,0,False,False,Z
502844,2005-12-20,ORD,LGA,AA,N227AA,342,2000,1955,2303,2257,2010,2244,0,0,0,0,0,False,False,Z
502845,2005-12-20,LGA,ORD,AA,N416AA,357,2000,2000,2134,2129,2023,2119,0,0,0,0,0,False,False,Z
502846,2005-12-20,LGA,ATL,DL,N3766,775,2000,1958,2231,2221,2017,2215,0,0,0,0,0,False,False,Z
502847,2005-12-20,LGA,GSO,OH,N589SW,5570,2000,1955,2151,2125,2010,2121,0,0,0,0,0,False,False,Z
502848,2005-12-20,LGA,BOS,US,N744UW,2142,2000,1955,2108,2049,2006,2044,0,0,0,0,0,False,False,Z
502849,2005-12-20,LGA,DCA,US,N740UW,2189,2000,1955,2108,2116,2005,2051,0,0,0,0,0,False,False,Z
502850,2005-12-20,BOS,LGA,US,N752UW,2143,2000,1954,2109,2112,2010,2107,0,0,0,0,0,False,False,Z
502851,2005-12-20,DCA,LGA,US,N733UW,2186,2000,1958,2106,2058,2010,2053,0,0,0,0,0,False,False,Z
502852,2005-12-20,LGA,DFW,AA,N245AA,791,2001,1958,2254,2226,2007,2220,0,0,0,0,0,False,False,Z
502853,2005-12-20,LGA,MDW,TZ,N304TZ,4205,2009,2001,2141,2106,2011,2100,0,0,0,0,0,False,False,Z
502854,2005-12-20,MIA,LGA,AA,N5FLAA,2068,2010,2129,2304,4,2140,2350,34,0,0,0,26,False,False,Z
502855,2005-12-20,FLL,LGA,B6,N579JB,382,2010,2008,2305,2250,2026,2238,0,0,0,0,0,False,False,Z
502856,2005-12-20,LGA,ORD,UA,N416UA,695,2010,2001,2151,2126,2018,2110,0,0,0,0,0,False,False,Z
502857,2005-12-20,LGA,IAH,CO,N25705,833,2015,2006,2310,2256,2028,2252,0,0,0,0,0,False,False,Z
502858,2005-12-20,FLL,LGA,DL,N615DL,1978,2015,2010,2315,2248,2028,2241,0,0,0,0,0,False,False,Z
502859,2005-12-20,LGA,JAX,OH,N729CA,5441,2015,2009,2250,2304,2042,2300,0,0,0,0,0,False,False,Z
502860,2005-12-20,LGA,CLE,MQ,N704PG,4891,2016,2012,2157,2159,2044,2155,0,0,0,0,0,False,False,Z
502861,2005-12-20,LGA,DTW,MQ,N710TB,4832,2017,2010,2217,2158,2026,2149,0,0,0,0,0,False,False,Z
502862,2005-12-20,ATL,LGA,DL,N132DN,411,2030,2025,2245,2231,2044,2220,0,0,0,0,0,False,False,Z
502863,2005-12-20,BOS,LGA,DL,N910DE,1935,2030,2029,2133,2144,2045,2137,0,0,0,0,0,False,False,Z
502864,2005-12-20,LGA,BOS,DL,N908DE,1936,2030,2028,2130,2146,2054,2135,0,0,16,0,0,False,False,Z
502865,2005-12-20,DCA,LGA,DL,N909DE,1968,2030,2026,2133,2121,2035,2115,0,0,0,0,0,False,False,Z
502866,2005-12-20,LGA,DCA,DL,N917DL,1969,2030,2028,2134,2141,2055,2138,0,0,0,0,0,False,False,Z
502867,2005-12-20,LGA,RDU,OH,N936CA,5122,2030,2023,2214,2202,2049,2158,0,0,0,0,0,False,False,Z
502868,2005-12-20,LGA,BHM,OH,N954CA,5830,2030,2055,2214,2240,2117,2236,0,25,1,0,0,False,False,Z
502869,2005-12-20,CLE,LGA,XE,N17507,2414,2035,2026,2204,2148,2042,2143,0,0,0,0,0,False,False,Z
502870,2005-12-20,DFW,LGA,AA,N3AJAA,774,2045,2059,52,103,2117,59,0,0,0,0,0,False,False,Z
502871,2005-12-20,IAH,LGA,CO,N27610,1432,2045,2044,53,44,2100,40,0,0,0,0,0,False,False,Z
502872,2005-12-20,CVG,LGA,DL,N382DA,1623,2045,2053,2240,2243,2113,2235,0,0,0,0,0,False,False,Z
502873,2005-12-20,PIT,LGA,US,N700UW,150,2045,2054,2203,2319,2221,2313,7,0,67,0,2,False,False,Z
502874,2005-12-20,LGA,IND,NW,N9343,149,2050,2042,2316,2305,2103,2254,0,0,0,0,0,False,False,Z
502875,2005-12-20,ORD,LGA,UA,N835UA,836,2050,2101,2347,2356,2118,2349,0,0,0,0,0,False,False,Z
502876,2005-12-20,LGA,CMH,MQ,N857AE,4879,2055,2049,2244,2234,2110,2230,0,0,0,0,0,False,False,Z
502877,2005-12-20,LGA,ATL,FL,N923AT,373,2059,2100,2326,2338,2130,2328,0,0,0,0,0,False,False,Z
502878,2005-12-20,LGA,PBI,B6,N508JB,369,2100,2057,2359,7,2117,2,0,0,0,0,0,False,False,Z
502879,2005-12-20,LGA,ATL,DL,N989DL,643,2100,2102,2323,2330,2126,2323,0,0,0,0,0,False,False,Z
502880,2005-12-20,LGA,RDU,MQ,N722AE,4720,2100,2058,2237,2238,2119,2233,0,0,0,0,0,False,False,Z
502881,2005-12-20,LGA,BGR,MQ,N718AE,4865,2100,2051,2220,2155,2105,2153,0,0,0,0,0,False,False,Z
502882,2005-12-20,LGA,TYS,OH,N941CA,4948,2100,2100,2309,2322,2135,2318,0,0,0,0,0,False,False,Z
502883,2005-12-20,LGA,SAV,OH,N781CA,5812,2100,2205,2312,30,2232,25,65,0,13,0,0,False,False,Z
502884,2005-12-20,LGA,BOS,US,N760UW,2144,2100,2052,2200,2145,2109,2141,0,0,0,0,0,False,False,Z
502885,2005-12-20,LGA,DCA,US,N758UW,2191,2100,2058,2206,2157,2112,2155,0,0,0,0,0,False,False,Z
502886,2005-12-20,DCA,LGA,US,N766UW,2188,2100,2112,2205,2207,2121,2202,0,0,0,0,0,False,False,Z
502887,2005-12-20,ATL,LGA,FL,N240AT,358,2110,2120,2320,2336,2135,2311,10,0,6,0,0,False,False,Z
502888,2005-12-20,LGA,ORD,AA,N283AA,361,2115,2116,2242,2235,2136,2230,0,0,0,0,0,False,False,Z
502889,2005-12-20,CLT,LGA,US,N172UW,40,2125,2122,2312,2248,2130,2243,0,0,0,0,0,False,False,Z
502890,2005-12-20,ORD,LGA,AA,N589AA,336,2130,2125,27,12,2137,9,0,0,0,0,0,False,False,Z
502891,2005-12-20,LGA,IAD,DH,N654BR,1995,2130,2129,2245,2240,2145,2235,0,0,0,0,0,False,False,Z
502892,2005-12-20,ATL,LGA,DL,N3741S,271,2130,2220,2342,24,2246,19,42,0,0,0,0,False,False,Z
502893,2005-12-20,LGA,LEX,OH,N479CA,5828,2130,2124,2338,2320,2141,2317,0,0,0,0,0,False,False,Z
502894,2005-12-20,DTW,LGA,NW,N530US,534,2132,2128,2316,2256,2142,2250,0,0,0,0,0,False,False,Z
502895,2005-12-20,LGA,PWM,OH,N989CA,5832,2135,2135,2242,2245,2156,2238,0,0,0,0,0,False,False,Z
502896,2005-12-20,LGA,FLL,B6,N506JB,383,2145,2148,45,44,2202,41,0,0,0,0,0,False,False,Z
