index,FlightDate,Origin,Dest,Reporting_Airline,Tail_Number,Flight_Number_Reporting_Airline,CRSDepTime,DepTime,CRSArrTime,ArrTime,WheelsOff,WheelsOn,CarrierDelay,WeatherDelay,NASDelay,SecurityDelay,LateAircraftDelay,Cancelled,Diverted,CancellationCode
3409899,2018-12-29,DEN,LGA,UA,N411UA,322,45,38,622,547,49,542,0,0,0,0,0,False,False,Z
3409900,2018-12-29,FLL,LGA,B6,N348JB,272,520,517,811,757,534,755,0,0,0,0,0,False,False,Z
3409901,2018-12-29,ATL,LGA,WN,N939WN,5284,530,530,735,721,540,715,0,0,0,0,0,False,False,Z
3409902,2018-12-29,BNA,LGA,WN,N425LV,2942,530,529,840,825,539,815,0,0,0,0,0,False,False,Z
3409903,2018-12-29,MDW,LGA,WN,N7719A,4129,530,530,830,812,538,806,0,0,0,0,0,False,False,Z
3409904,2018-12-29,LGA,DFW,AA,N922NN,1597,530,535,845,825,547,814,0,0,0,0,0,False,False,Z
3409905,2018-12-29,MKE,LGA,WN,N7730A,2786,545,543,855,858,614,847,0,0,0,0,0,False,False,Z
3409906,2018-12-29,TPA,LGA,WN,N762SW,6783,545,543,820,809,553,803,0,0,0,0,0,False,False,Z
3409907,2018-12-29,LGA,IAH,UA,N27246,657,545,541,844,850,550,842,0,0,0,0,0,False,False,Z
3409908,2018-12-29,LGA,CMH,YX,N429YX,4645,552,546,751,739,559,729,0,0,0,0,0,False,False,Z
3409909,2018-12-29,ORD,LGA,NK,N652NK,224,553,548,900,847,603,835,0,0,0,0,0,False,False,Z
3409910,2018-12-29,LGA,MIA,AA,N303RG,1249,555,552,910,859,607,847,0,0,0,0,0,False,False,Z
3409911,2018-12-29,LGA,PHL,AA,N945UW,1934,559,554,706,643,608,638,0,0,0,0,0,False,False,Z
3409912,2018-12-29,DAL,LGA,WN,N294WN,3757,600,557,1015,940,607,935,0,0,0,0,0,False,False,Z
3409913,2018-12-29,LGA,DEN,WN,N901WN,4995,600,639,835,856,651,851,21,0,0,0,0,False,False,Z
3409914,2018-12-29,PIT,LGA,YX,N202JQ,5950,600,555,740,706,606,658,0,0,0,0,0,False,False,Z
3409915,2018-12-29,GRR,LGA,YX,N824MD,6017,600,556,809,808,640,801,0,0,0,0,0,False,False,Z
3409916,2018-12-29,BOS,LGA,YX,N209JQ,6073,600,556,733,708,612,700,0,0,0,0,0,False,False,Z
3409917,2018-12-29,MCI,LGA,YX,N818MD,6095,600,756,955,1121,819,1115,86,0,0,0,0,False,False,Z
3409918,2018-12-29,LGA,DTW,DL,N904DN,964,600,552,808,745,612,739,0,0,0,0,0,False,False,Z
3409919,2018-12-29,LGA,ATL,DL,N365DN,1447,600,602,837,829,613,821,0,0,0,0,0,False,False,Z
3409920,2018-12-29,MSY,LGA,DL,N356NW,1783,600,629,1000,954,640,948,0,0,0,0,0,False,False,Z
3409921,2018-12-29,ATL,LGA,DL,N350DN,1956,600,601,811,757,616,750,0,0,0,0,0,False,False,Z
3409922,2018-12-29,LGA,MSP,DL,N329DN,2024,600,557,805,800,619,754,0,0,0,0,0,False,False,Z
3409923,2018-12-29,DTW,LGA,NK,N642NK,316,600,554,740,734,617,725,0,0,0,0,0,False,False,Z
3409924,2018-12-29,MKE,LGA,OO,N268SY,3588,600,558,918,943,706,937,0,0,25,0,0,False,False,Z
3409925,2018-12-29,SYR,LGA,OO,N290SY,3637,600,559,734,707,612,648,0,0,0,0,0,False,False,Z
3409926,2018-12-29,ROC,LGA,OO,N292SY,3703,600,600,736,703,614,657,0,0,0,0,0,False,False,Z
3409927,2018-12-29,CHS,LGA,OO,N270SY,3791,600,600,756,749,619,743,0,0,0,0,0,False,False,Z
3409928,2018-12-29,GSO,LGA,9E,N834AY,5021,600,557,744,723,612,717,0,0,0,0,0,False,False,Z
3409929,2018-12-29,BTV,LGA,9E,N840AY,5036,600,637,733,746,648,734,0,0,0,0,0,False,False,Z
3409930,2018-12-29,ORF,LGA,9E,N146PQ,5125,600,555,733,709,614,703,0,0,0,0,0,False,False,Z
3409931,2018-12-29,OMA,LGA,9E,N316PQ,5275,600,600,959,936,624,930,0,0,0,0,0,False,False,Z
3409932,2018-12-29,LGA,FLL,B6,N229JB,371,600,553,909,857,609,852,0,0,0,0,0,False,False,Z
3409933,2018-12-29,STL,LGA,OO,N277SY,3800,601,558,930,858,609,853,0,0,0,0,0,False,False,Z
3409934,2018-12-29,LGA,MDW,WN,N460WN,2470,605,559,730,735,610,710,0,0,0,0,0,False,False,Z
3409935,2018-12-29,RIC,LGA,OO,N285SY,3685,605,610,733,718,623,711,0,0,0,0,0,False,False,Z
3409936,2018-12-29,MIA,LGA,AA,N9004F,184,609,615,905,911,629,900,0,0,0,0,0,False,False,Z
3409937,2018-12-29,LGA,ATL,WN,N467WN,4969,610,631,845,856,640,847,0,0,0,0,0,False,False,Z
3409938,2018-12-29,PBI,LGA,DL,N372NW,1885,610,603,858,839,618,834,0,0,0,0,0,False,False,Z
3409939,2018-12-29,HOU,LGA,WN,N761RR,4551,615,614,1035,1007,621,956,0,0,0,0,0,False,False,Z
3409940,2018-12-29,LGA,CVG,9E,N926XJ,5430,615,620,836,827,635,822,0,0,0,0,0,False,False,Z
3409941,2018-12-29,LGA,CLT,AA,N560UW,628,615,608,819,807,621,801,0,0,0,0,0,False,False,Z
3409942,2018-12-29,SAV,LGA,OO,N287SY,4149,617,647,830,848,705,837,18,0,0,0,0,False,False,Z
3409943,2018-12-29,LGA,TPA,WN,N947WN,4766,620,617,925,905,630,901,0,0,0,0,0,False,False,Z
3409944,2018-12-29,CMH,LGA,YX,N211JQ,6015,620,617,806,748,629,741,0,0,0,0,0,False,False,Z
3409945,2018-12-29,MCO,LGA,DL,N354DN,2276,620,631,858,902,658,856,0,0,0,0,0,False,False,Z
3409946,2018-12-29,ATL,LGA,F9,N305FR,1462,624,618,839,824,635,813,0,0,0,0,0,False,False,Z
3409947,2018-12-29,SDF,LGA,YX,N870RW,6044,625,622,836,816,639,810,0,0,0,0,0,False,False,Z
3409948,2018-12-29,CMH,LGA,MQ,N824AE,3616,625,716,820,846,729,842,26,0,0,0,0,False,False,Z
3409949,2018-12-29,MCO,LGA,B6,N583JB,198,628,627,856,920,649,915,0,0,24,0,0,False,False,Z
3409950,2018-12-29,LGA,MCO,AA,N951AA,2645,629,629,924,916,649,906,0,0,0,0,0,False,False,Z
3409951,2018-12-29,LGA,FLL,NK,N661NK,705,630,625,935,928,636,922,0,0,0,0,0,False,False,Z
3409952,2018-12-29,RDU,LGA,OO,N284SY,3870,630,656,817,824,712,818,0,0,0,0,0,False,False,Z
3409953,2018-12-29,LGA,RDU,9E,N933XJ,5329,630,625,820,821,645,756,0,0,0,0,0,False,False,Z
3409954,2018-12-29,BUF,LGA,9E,N134EV,5406,630,628,816,804,710,756,0,0,0,0,0,False,False,Z
3409955,2018-12-29,LGA,ORD,AA,N910NN,1002,630,643,818,905,658,803,13,0,34,0,0,False,False,Z
3409956,2018-12-29,GSP,LGA,OO,N271SY,3599,631,630,835,815,645,808,0,0,0,0,0,False,False,Z
3409957,2018-12-29,LGA,HOU,WN,N7750A,5001,635,700,950,1014,714,1011,24,0,0,0,0,False,False,Z
3409958,2018-12-29,CLE,LGA,OO,N273SY,3527,635,631,830,753,644,747,0,0,0,0,0,False,False,Z
3409959,2018-12-29,ATL,LGA,DL,N309DN,886,645,641,850,837,656,829,0,0,0,0,0,False,False,Z
3409960,2018-12-29,IAH,LGA,OO,N278SY,4116,645,642,1117,1030,654,1026,0,0,0,0,0,False,False,Z
3409961,2018-12-29,DFW,LGA,AA,N970AN,1330,646,642,1103,1028,657,1023,0,0,0,0,0,False,False,Z
3409962,2018-12-29,MIA,LGA,DL,N361DN,2169,650,721,959,1000,734,953,0,0,0,0,0,False,False,Z
3409963,2018-12-29,ILM,LGA,MQ,N853AE,3780,650,711,837,836,723,832,0,0,0,0,0,False,False,Z
3409964,2018-12-29,LGA,MIA,AA,N962NN,2510,650,656,1013,1006,713,954,0,0,0,0,0,False,False,Z
3409965,2018-12-29,MSP,LGA,DL,N362DN,1996,656,652,1044,1029,723,1024,0,0,0,0,0,False,False,Z
3409966,2018-12-29,LGA,DFW,AA,N995AN,2632,659,731,1017,1043,754,1027,26,0,0,0,0,False,False,Z
3409967,2018-12-29,CLT,LGA,YX,N815MD,5934,700,657,906,851,726,841,0,0,0,0,0,False,False,Z
3409968,2018-12-29,IND,LGA,YX,N210JQ,6085,700,701,917,851,718,845,0,0,0,0,0,False,False,Z
3409969,2018-12-29,DCA,LGA,YX,N875RW,6134,700,657,824,806,716,758,0,0,0,0,0,False,False,Z
3409970,2018-12-29,LGA,ATL,DL,N348NW,1334,700,700,939,936,719,929,0,0,0,0,0,False,False,Z
3409971,2018-12-29,FLL,LGA,DL,N363DN,1428,700,726,957,1007,744,1000,0,0,0,0,0,False,False,Z
3409972,2018-12-29,LGA,MCO,DL,N336NW,2285,700,700,1000,938,716,933,0,0,0,0,0,False,False,Z
3409973,2018-12-29,LGA,MIA,DL,N351DN,2763,700,736,1012,1038,748,1025,26,0,0,0,0,False,False,Z
3409974,2018-12-29,MSN,LGA,OO,N275SY,3624,700,649,1020,1001,710,954,0,0,0,0,0,False,False,Z
3409975,2018-12-29,DFW,LGA,OO,N289SY,3713,700,738,1126,1135,803,1130,0,0,0,0,0,False,False,Z
3409976,2018-12-29,LGA,BNA,OO,N276SY,4895,700,651,852,849,706,841,0,0,0,0,0,False,False,Z
3409977,2018-12-29,LGA,DEN,UA,N37462,561,700,657,930,912,709,908,0,0,0,0,0,False,False,Z
3409978,2018-12-29,LGA,PIT,9E,N304PQ,5002,700,653,847,814,707,808,0,0,0,0,0,False,False,Z
3409979,2018-12-29,JAX,LGA,9E,N336PQ,3479,700,708,919,913,718,905,0,0,0,0,0,False,False,Z
3409980,2018-12-29,CAE,LGA,9E,N301PQ,5312,700,1510,904,1658,1531,1652,474,0,0,0,0,False,False,Z
3409981,2018-12-29,LGA,MCO,B6,N638JB,1099,700,657,958,956,712,951,0,0,0,0,0,False,False,Z
3409982,2018-12-29,LGA,FLL,DL,N369NW,1879,704,744,1018,1051,755,1033,33,0,0,0,0,False,False,Z
3409983,2018-12-29,MIA,LGA,AA,N326RP,1554,704,715,1002,1002,731,958,0,0,0,0,0,False,False,Z
3409984,2018-12-29,LGA,BNA,WN,N733SA,5232,705,704,840,832,718,829,0,0,0,0,0,False,False,Z
3409985,2018-12-29,DTW,LGA,DL,N374NW,1848,710,704,914,847,730,839,0,0,0,0,0,False,False,Z
3409986,2018-12-29,LGA,DTW,DL,N391DA,2708,710,806,922,955,822,949,33,0,0,0,0,False,False,Z
3409987,2018-12-29,BNA,LGA,MQ,N826AE,3675,711,707,1030,1027,742,1018,0,0,0,0,0,False,False,Z
3409988,2018-12-29,BNA,LGA,OO,N283SY,3660,715,717,1033,1015,741,1012,0,0,0,0,0,False,False,Z
3409989,2018-12-29,FLL,LGA,NK,N645NK,604,724,734,1019,1013,745,1005,0,0,0,0,0,False,False,Z
3409990,2018-12-29,TPA,LGA,DL,N321NB,773,725,741,1009,1019,810,1015,0,0,0,0,0,False,False,Z
3409991,2018-12-29,GSO,LGA,MQ,N810AE,3931,725,722,912,850,735,844,0,0,0,0,0,False,False,Z
3409992,2018-12-29,LGA,DFW,OO,N279SY,3699,726,724,1057,1054,735,1042,0,0,0,0,0,False,False,Z
3409993,2018-12-29,LGA,MIA,AA,N303RE,1530,728,722,1054,1021,736,1008,0,0,0,0,0,False,False,Z
3409994,2018-12-29,MDW,LGA,WN,N904WN,6158,730,740,1030,1032,802,1027,0,0,0,0,0,False,False,Z
3409995,2018-12-29,LGA,DTW,YX,N410YX,4660,730,724,941,927,739,916,0,0,0,0,0,False,False,Z
3409996,2018-12-29,MCO,LGA,DL,N345NW,1526,730,802,1010,1015,817,1010,0,0,0,0,0,False,False,Z
3409997,2018-12-29,ATL,LGA,DL,N334DN,1619,730,741,935,936,752,925,0,0,0,0,0,False,False,Z
3409998,2018-12-29,ORD,LGA,OO,N274SY,4122,730,725,1046,1023,751,1020,0,0,0,0,0,False,False,Z
3409999,2018-12-29,BGR,LGA,9E,N8936A,5078,730,728,930,936,815,928,0,0,0,0,0,False,False,Z
3410000,2018-12-29,LGA,ORD,AA,N306PB,370,730,724,926,904,742,849,0,0,0,0,0,False,False,Z
3410001,2018-12-29,LGA,PBI,B6,N630JB,461,730,718,1038,1013,738,1007,0,0,0,0,0,False,False,Z
3410002,2018-12-29,STL,LGA,YX,N413YX,4690,731,728,1100,1031,739,1021,0,0,0,0,0,False,False,Z
3410003,2018-12-29,LGA,IAH,UA,N477UA,2098,740,732,1041,1048,746,1037,0,0,0,0,0,False,False,Z
3410004,2018-12-29,LGA,MTJ,UA,N829UA,1180,740,738,1032,1051,807,1048,0,0,19,0,0,False,False,Z
3410005,2018-12-29,RSW,LGA,DL,N322US,1573,750,810,1035,1035,822,1031,0,0,0,0,0,False,False,Z
3410006,2018-12-29,RDU,LGA,MQ,N821AE,4050,750,742,938,910,754,903,0,0,0,0,0,False,False,Z
3410007,2018-12-29,LGA,CLT,AA,N189UW,1782,755,751,1006,1003,811,956,0,0,0,0,0,False,False,Z
3410008,2018-12-29,RIC,LGA,MQ,N833AE,3919,758,751,930,918,818,906,0,0,0,0,0,False,False,Z
3410009,2018-12-29,LGA,ATL,DL,N377NW,1842,759,746,1038,1012,805,1006,0,0,0,0,0,False,False,Z
3410010,2018-12-29,LGA,DFW,AA,N929AA,1490,759,755,1114,1045,809,1033,0,0,0,0,0,False,False,Z
3410011,2018-12-29,LGA,MSP,DL,N344NB,668,800,753,1017,939,803,936,0,0,0,0,0,False,False,Z
3410012,2018-12-29,LGA,FLL,DL,N355NW,1644,800,753,1112,1056,813,1053,0,0,0,0,0,False,False,Z
3410013,2018-12-29,PBI,LGA,DL,N338NW,1890,800,801,1053,1032,814,1029,0,0,0,0,0,False,False,Z
3410014,2018-12-29,DEN,LGA,DL,N3772H,2194,800,754,1359,1325,828,1320,0,0,0,0,0,False,False,Z
3410015,2018-12-29,ORD,LGA,UA,N473UA,1166,800,802,1111,1046,816,1044,0,0,0,0,0,False,False,Z
3410016,2018-12-29,LGA,ORD,UA,N818UA,463,800,751,937,920,800,907,0,0,0,0,0,False,False,Z
3410017,2018-12-29,TYS,LGA,9E,N917XJ,5456,800,1027,1007,1206,1038,1158,0,1,0,0,118,False,False,Z
3410018,2018-12-29,LGA,PBI,DL,N349DX,2150,805,805,1102,1050,816,1047,0,0,0,0,0,False,False,Z
3410019,2018-12-29,LGA,MCO,DL,N311DN,2618,805,805,1109,1045,820,1035,0,0,0,0,0,False,False,Z
3410020,2018-12-29,LGA,JAX,9E,N146PQ,5144,813,805,1105,1040,824,1035,0,0,0,0,0,False,False,Z
3410021,2018-12-29,LGA,STL,9E,N932XJ,5181,813,812,1022,958,827,955,0,0,0,0,0,False,False,Z
3410022,2018-12-29,IAD,LGA,YV,N509MJ,6255,815,808,944,917,827,912,0,0,0,0,0,False,False,Z
3410023,2018-12-29,LGA,ORD,OO,N270SY,4113,815,830,955,1003,838,951,0,0,0,0,0,False,False,Z
3410024,2018-12-29,IAH,LGA,UA,N489UA,1573,815,927,1234,1315,941,1313,41,0,0,0,0,False,False,Z
3410025,2018-12-29,LGA,ROC,OO,N292SY,3723,816,808,951,928,830,925,0,0,0,0,0,False,False,Z
3410026,2018-12-29,LGA,RIC,YX,N209JQ,6060,817,809,958,936,829,925,0,0,0,0,0,False,False,Z
3410027,2018-12-29,IND,LGA,YX,N442YX,4535,819,814,1030,957,829,950,0,0,0,0,0,False,False,Z
3410028,2018-12-29,LGA,MKE,WN,N939WN,5284,820,816,950,930,828,927,0,0,0,0,0,False,False,Z
3410029,2018-12-29,LGA,TPA,DL,N332NB,2995,820,814,1135,1102,826,1058,0,0,0,0,0,False,False,Z
3410030,2018-12-29,CLT,LGA,YX,N871RW,6011,822,823,1025,1013,849,1002,0,0,0,0,0,False,False,Z
3410031,2018-12-29,LGA,DEN,DL,N3765,1965,825,822,1127,1058,831,1038,0,0,0,0,0,False,False,Z
3410032,2018-12-29,LGA,MIA,AA,N316RK,970,829,827,1152,1123,843,1114,0,0,0,0,0,False,False,Z
3410033,2018-12-29,ATL,LGA,DL,N326DN,2362,830,845,1046,1047,911,1042,0,0,0,0,0,False,False,Z
3410034,2018-12-29,LGA,GSO,OO,N285SY,3808,830,855,1035,1034,906,1029,0,0,0,0,0,False,False,Z
3410035,2018-12-29,LGA,ORD,AA,N878NN,114,830,824,1022,1010,846,954,0,0,0,0,0,False,False,Z
3410036,2018-12-29,ORD,LGA,AA,N968NN,367,830,857,1135,1154,925,1150,0,19,0,0,0,False,False,Z
3410037,2018-12-29,DFW,LGA,NK,N606NK,718,834,831,1256,1224,845,1215,0,0,0,0,0,False,False,Z
3410038,2018-12-29,CLE,LGA,EV,N21537,4001,835,827,1030,944,836,938,0,0,0,0,0,False,False,Z
3410039,2018-12-29,LGA,ORD,NK,N642NK,847,835,829,1013,1000,840,946,0,0,0,0,0,False,False,Z
3410040,2018-12-29,LGA,SRQ,OO,N290SY,3748,836,836,1206,1139,850,1136,0,0,0,0,0,False,False,Z
3410041,2018-12-29,SDF,LGA,YX,N131HQ,4384,838,834,1050,1019,846,1015,0,0,0,0,0,False,False,Z
3410042,2018-12-29,DTW,LGA,DL,N987DN,1401,840,844,1046,1041,926,1036,0,0,0,0,0,False,False,Z
3410043,2018-12-29,CLT,LGA,AA,N661AW,1788,840,900,1026,1039,921,1034,0,0,0,0,0,False,False,Z
3410044,2018-12-29,LGA,IND,YX,N202JQ,6010,845,836,1127,1055,848,1049,0,0,0,0,0,False,False,Z
3410045,2018-12-29,LGA,PHL,AA,N953UW,1791,845,839,958,934,852,929,0,0,0,0,0,False,False,Z
3410046,2018-12-29,DAL,LGA,WN,N933WN,2598,850,1330,1300,1725,1338,1718,265,0,0,0,0,False,False,Z
3410047,2018-12-29,LGA,FLL,B6,N348JB,971,850,853,1212,1150,908,1143,0,0,0,0,0,False,False,Z
3410048,2018-12-29,LGA,GSO,MQ,N841AE,4030,852,848,1049,1051,922,1044,0,0,0,0,0,False,False,Z
3410049,2018-12-29,ATL,LGA,AA,N944UW,833,854,849,1108,1054,916,1049,0,0,0,0,0,False,False,Z
3410050,2018-12-29,LGA,ATL,WN,N762SW,4003,855,916,1140,1144,932,1135,0,0,0,0,0,False,False,Z
3410051,2018-12-29,STL,LGA,WN,N745SW,3866,855,851,1215,1148,906,1143,0,0,0,0,0,False,False,Z
3410052,2018-12-29,LGA,RSW,DL,N328NB,913,855,926,1227,1220,939,1214,0,0,0,0,0,False,False,Z
3410053,2018-12-29,LGA,DTW,DL,N844DN,955,855,849,1112,1041,904,1035,0,0,0,0,0,False,False,Z
3410054,2018-12-29,LGA,ORD,UA,N893UA,519,855,843,1034,1007,854,957,0,0,0,0,0,False,False,Z
3410055,2018-12-29,LGA,SAV,9E,N134EV,5167,856,851,1134,1116,911,1112,0,0,0,0,0,False,False,Z
3410056,2018-12-29,LGA,MCI,OO,N273SY,3739,857,911,1148,1144,926,1140,0,0,0,0,0,False,False,Z
3410057,2018-12-29,LGA,ATL,DL,N353NW,1903,859,856,1147,1117,910,1111,0,0,0,0,0,False,False,Z
3410058,2018-12-29,CMH,LGA,YX,N879RW,5963,900,859,1053,1040,919,1033,0,0,0,0,0,False,False,Z
3410059,2018-12-29,FLL,LGA,DL,N357DN,2630,900,859,1156,1154,929,1149,0,0,0,0,0,False,False,Z
3410060,2018-12-29,LGA,CLT,OO,N284SY,3789,900,900,1131,1105,919,1102,0,0,0,0,0,False,False,Z
3410061,2018-12-29,ORD,LGA,UA,N855UA,910,900,929,1205,1214,949,1211,0,0,0,0,0,False,False,Z
3410062,2018-12-29,RDU,LGA,9E,N933XJ,5164,900,859,1043,1018,913,1013,0,0,0,0,0,False,False,Z
3410063,2018-12-29,LGA,DFW,AA,N931AM,1105,900,855,1225,1148,907,1137,0,0,0,0,0,False,False,Z
3410064,2018-12-29,LGA,IND,MQ,N858AE,3740,901,852,1133,1142,914,1136,0,0,0,0,0,False,False,Z
3410065,2018-12-29,LGA,MDW,WN,N7719A,4728,905,903,1045,1026,916,1020,0,0,0,0,0,False,False,Z
3410066,2018-12-29,LGA,CMH,YX,N824MD,5888,905,856,1124,1053,920,1049,0,0,0,0,0,False,False,Z
3410067,2018-12-29,LGA,MCO,DL,N322DN,925,905,905,1223,1142,918,1135,0,0,0,0,0,False,False,Z
3410068,2018-12-29,MIA,LGA,DL,N355DN,2151,905,903,1207,1146,922,1138,0,0,0,0,0,False,False,Z
3410069,2018-12-29,LGA,DEN,UA,N491UA,744,905,900,1137,1112,912,1106,0,0,0,0,0,False,False,Z
3410070,2018-12-29,MIA,LGA,AA,N811NN,2669,908,912,1200,1206,935,1155,0,0,0,0,0,False,False,Z
3410071,2018-12-29,LGA,MIA,DL,N350DN,1733,910,911,1242,1224,923,1205,0,0,0,0,0,False,False,Z
3410072,2018-12-29,LGA,ILM,MQ,N843AE,3550,910,902,1111,1047,913,1040,0,0,0,0,0,False,False,Z
3410073,2018-12-29,LGA,CLE,OO,N271SY,3620,910,931,1110,1110,944,1105,0,0,0,0,0,False,False,Z
3410074,2018-12-29,LGA,IAH,OO,N288SY,4118,910,910,1256,1249,928,1237,0,0,0,0,0,False,False,Z
3410075,2018-12-29,LGA,SYR,9E,N834AY,5018,910,905,1041,1014,927,1009,0,0,0,0,0,False,False,Z
3410076,2018-12-29,LGA,PWM,9E,N840AY,5061,910,910,1042,1021,924,1017,0,0,0,0,0,False,False,Z
3410077,2018-12-29,DFW,LGA,AA,N163AA,1056,911,942,1333,1341,1002,1334,0,0,0,0,0,False,False,Z
3410078,2018-12-29,CVG,LGA,9E,N147PQ,3456,919,909,1120,1044,925,1040,0,0,0,0,0,False,False,Z
3410079,2018-12-29,LGA,BNA,YX,N111HQ,4506,920,911,1110,1051,930,1045,0,0,0,0,0,False,False,Z
3410080,2018-12-29,CMH,LGA,MQ,N808AE,3499,923,1609,1110,1736,1623,1728,10,0,0,0,376,False,False,Z
3410081,2018-12-29,LGA,CLE,MQ,N853AE,3521,923,915,1118,1057,933,1051,0,0,0,0,0,False,False,Z
3410082,2018-12-29,PIT,LGA,9E,N304PQ,5068,924,915,1105,1022,929,1017,0,0,0,0,0,False,False,Z
3410083,2018-12-29,LGA,MCO,F9,N305FR,2035,929,917,1234,1203,934,1153,0,0,0,0,0,False,False,Z
3410084,2018-12-29,LGA,DAL,WN,N425LV,2942,930,930,1245,1234,942,1231,0,0,0,0,0,False,False,Z
3410085,2018-12-29,LGA,RDU,YX,N870RW,6056,930,925,1125,1110,941,1058,0,0,0,0,0,False,False,Z
3410086,2018-12-29,ATL,LGA,DL,N380DA,2277,930,929,1143,1123,948,1118,0,0,0,0,0,False,False,Z
3410087,2018-12-29,LGA,DSM,OO,N287SY,3727,930,1003,1208,1251,1038,1246,15,0,10,0,18,False,False,Z
3410088,2018-12-29,LGA,CVG,9E,N907XJ,5353,930,919,1206,1125,937,1120,0,0,0,0,0,False,False,Z
3410089,2018-12-29,LGA,ORD,AA,N940AN,129,930,923,1128,1106,940,1048,0,0,0,0,0,False,False,Z
3410090,2018-12-29,ORD,LGA,AA,N919NN,349,930,954,1235,1242,1011,1235,0,0,0,0,0,False,False,Z
3410091,2018-12-29,LGA,BOS,B6,N179JB,632,930,920,1054,1018,936,1008,0,0,0,0,0,False,False,Z
3410092,2018-12-29,LGA,PWM,MQ,N835AE,3491,935,921,1109,1021,934,1018,0,0,0,0,0,False,False,Z
3410093,2018-12-29,LGA,MCO,B6,N583JB,199,936,1001,1250,1244,1016,1232,0,0,0,0,0,False,False,Z
3410094,2018-12-29,DEN,LGA,WN,N8539V,4280,940,944,1515,1514,956,1451,0,0,0,0,0,False,False,Z
3410095,2018-12-29,LGA,STL,WN,N7730A,5469,940,937,1140,1127,947,1124,0,0,0,0,0,False,False,Z
3410096,2018-12-29,LGA,SDF,YX,N211JQ,6097,945,941,1239,1202,951,1155,0,0,0,0,0,False,False,Z
3410097,2018-12-29,LGA,DTW,NK,N652NK,475,945,935,1152,1127,945,1114,0,0,0,0,0,False,False,Z
3410098,2018-12-29,LGA,BUF,9E,N301PQ,5172,945,1739,1137,1858,1757,1855,1,0,0,0,440,False,False,Z
3410099,2018-12-29,LGA,DFW,YX,N815MD,6103,946,941,1332,1325,1011,1310,0,0,0,0,0,False,False,Z
3410100,2018-12-29,ATL,LGA,WN,N714CB,3038,950,1001,1200,1152,1016,1147,0,0,0,0,0,False,False,Z
3410101,2018-12-29,LGA,MSY,DL,N372NW,2504,950,948,1241,1206,957,1201,0,0,0,0,0,False,False,Z
3410102,2018-12-29,MEM,LGA,MQ,N842AE,3905,951,949,1330,1259,1001,1252,0,0,0,0,0,False,False,Z
3410103,2018-12-29,MYR,LGA,NK,N639NK,300,951,944,1138,1113,952,1103,0,0,0,0,0,False,False,Z
3410104,2018-12-29,ORF,LGA,MQ,N818AE,3782,953,947,1130,1058,1001,1051,0,0,0,0,0,False,False,Z
3410105,2018-12-29,DTW,LGA,DL,N3746H,871,955,952,1201,1128,1019,1121,0,0,0,0,0,False,False,Z
3410106,2018-12-29,IAH,LGA,UA,N4888U,1920,955,1000,1414,1410,1033,1407,0,0,0,0,0,False,False,Z
3410107,2018-12-29,LGA,MKE,OO,N268SY,3775,958,1020,1146,1148,1035,1142,0,0,0,0,0,False,False,Z
3410108,2018-12-29,LGA,CHS,9E,N336PQ,5405,959,956,1241,1223,1037,1215,0,0,0,0,0,False,False,Z
3410109,2018-12-29,DCA,LGA,YX,N120HQ,4324,1000,955,1127,1057,1017,1053,0,0,0,0,0,False,False,Z
3410110,2018-12-29,LGA,BOS,YX,N210JQ,6050,1000,954,1125,1046,1008,1040,0,0,0,0,0,False,False,Z
3410111,2018-12-29,LGA,DCA,YX,N875RW,6139,1000,953,1136,1108,1013,1101,0,0,0,0,0,False,False,Z
3410112,2018-12-29,LGA,ATL,DL,N309DN,1539,1000,1000,1248,1234,1022,1227,0,0,0,0,0,False,False,Z
3410113,2018-12-29,RDU,LGA,OO,N264SY,3642,1000,1028,1145,1146,1042,1142,0,0,0,0,0,False,False,Z
3410114,2018-12-29,LGA,IAH,UA,N835UA,1973,1000,949,1316,1240,959,1233,0,0,0,0,0,False,False,Z
3410115,2018-12-29,LGA,ORD,UA,N808UA,1953,1000,947,1139,1113,1000,1105,0,0,0,0,0,False,False,Z
3410116,2018-12-29,ORD,LGA,UA,N815UA,1499,1000,1031,1305,1312,1046,1306,0,0,0,0,0,False,False,Z
3410117,2018-12-29,LGA,MCO,DL,N354DN,425,1005,1002,1325,1300,1030,1243,0,0,0,0,0,False,False,Z
3410118,2018-12-29,LGA,PBI,DL,N374NW,898,1005,1002,1332,1301,1024,1257,0,0,0,0,0,False,False,Z
3410119,2018-12-29,MSP,LGA,DL,N949AT,1796,1005,1001,1356,1331,1027,1324,0,0,0,0,0,False,False,Z
3410120,2018-12-29,DEN,LGA,UA,N1902U,303,1005,1002,1545,1505,1016,1502,0,0,0,0,0,False,False,Z
3410121,2018-12-29,PBI,LGA,B6,N517JB,62,1006,1006,1248,1307,1023,1300,0,0,19,0,0,False,False,Z
3410122,2018-12-29,LGA,DEN,UA,N437UA,2140,1010,1001,1248,1226,1020,1222,0,0,0,0,0,False,False,Z
3410123,2018-12-29,DTW,LGA,YX,N410YX,4660,1011,1009,1202,1201,1040,1145,0,0,0,0,0,False,False,Z
3410124,2018-12-29,LGA,ORD,OO,N277SY,4155,1015,1012,1200,1148,1026,1138,0,0,0,0,0,False,False,Z
3410125,2018-12-29,LGA,IAD,YV,N509MJ,6260,1020,1013,1149,1126,1028,1122,0,0,0,0,0,False,False,Z
3410126,2018-12-29,ROC,LGA,OO,N292SY,4145,1021,1009,1150,1133,1035,1128,0,0,0,0,0,False,False,Z
3410127,2018-12-29,RIC,LGA,YX,N209JQ,6058,1028,1025,1150,1131,1044,1126,0,0,0,0,0,False,False,Z
3410128,2018-12-29,SAT,LGA,WN,N746SW,3326,1030,1036,1505,1439,1042,1432,0,0,0,0,0,False,False,Z
3410129,2018-12-29,ATL,LGA,DL,N328NW,1286,1030,1102,1243,1249,1117,1245,0,0,0,0,0,False,False,Z
3410130,2018-12-29,LGA,DTW,DL,N320US,2148,1030,1027,1255,1230,1052,1226,0,0,0,0,0,False,False,Z
3410131,2018-12-29,LGA,CHO,MQ,N821AE,3637,1030,1028,1203,1139,1041,1137,0,0,0,0,0,False,False,Z
3410132,2018-12-29,ORD,LGA,OO,N270SY,4120,1030,1040,1338,1340,1109,1335,0,0,0,0,0,False,False,Z
3410133,2018-12-29,MSY,LGA,WN,N943WN,5853,1035,1055,1420,1422,1102,1414,0,0,0,0,0,False,False,Z
3410134,2018-12-29,LGA,GRR,YX,N818MD,6125,1035,1147,1310,1405,1207,1401,55,0,0,0,0,False,False,Z
3410135,2018-12-29,LGA,BGR,9E,N8936A,3353,1035,1033,1212,1141,1047,1137,0,0,0,0,0,False,False,Z
3410136,2018-12-29,DAY,LGA,OH,N249PS,5480,1039,1031,1230,1212,1049,1205,0,0,0,0,0,False,False,Z
3410137,2018-12-29,LGA,GSP,9E,N316PQ,3435,1040,1037,1314,1235,1053,1232,0,0,0,0,0,False,False,Z
3410138,2018-12-29,DFW,LGA,AA,N932AM,1608,1040,1041,1500,1433,1054,1427,0,0,0,0,0,False,False,Z
3410139,2018-12-29,MCO,LGA,DL,N336NW,1395,1045,1040,1315,1254,1051,1248,0,0,0,0,0,False,False,Z
3410140,2018-12-29,LGA,ORF,9E,N917XJ,5257,1047,1246,1234,1408,1314,1404,0,0,0,0,94,False,False,Z
3410141,2018-12-29,CLT,LGA,AA,N549UW,1639,1048,1049,1230,1217,1103,1212,0,0,0,0,0,False,False,Z
3410142,2018-12-29,LGA,SRQ,DL,N356NW,1527,1050,1055,1418,1351,1108,1345,0,0,0,0,0,False,False,Z
3410143,2018-12-29,LGA,ATL,WN,N294WN,3757,1055,1055,1345,1322,1110,1318,0,0,0,0,0,False,False,Z
3410144,2018-12-29,MCI,LGA,WN,N8628A,3390,1055,1122,1435,1436,1132,1431,0,0,0,0,0,False,False,Z
3410145,2018-12-29,LGA,MSP,DL,N363DN,2149,1055,1110,1327,1315,1123,1305,0,0,0,0,0,False,False,Z
3410146,2018-12-29,STL,LGA,9E,N932XJ,5032,1057,1053,1419,1347,1104,1343,0,0,0,0,0,False,False,Z
3410147,2018-12-29,DEN,LGA,DL,N396DA,928,1100,1058,1645,1611,1109,1603,0,0,0,0,0,False,False,Z
3410148,2018-12-29,LGA,MIA,DL,N334DN,1338,1100,1100,1428,1357,1116,1353,0,0,0,0,0,False,False,Z
3410149,2018-12-29,LGA,ATL,DL,N345NW,2596,1100,1113,1351,1342,1133,1337,0,0,0,0,0,False,False,Z
3410150,2018-12-29,LGA,CLE,EV,N21537,4313,1100,1049,1253,1227,1101,1221,0,0,0,0,0,False,False,Z
3410151,2018-12-29,LGA,CMH,MQ,N833AE,3477,1100,1053,1307,1245,1106,1237,0,0,0,0,0,False,False,Z
3410152,2018-12-29,LGA,MEM,OO,N275SY,4174,1100,1059,1328,1308,1112,1305,0,0,0,0,0,False,False,Z
3410153,2018-12-29,LGA,ORD,UA,N411UA,1697,1100,1058,1239,1228,1111,1216,0,0,0,0,0,False,False,Z
3410154,2018-12-29,FLL,LGA,B6,N807JB,1572,1102,1207,1359,1452,1226,1447,53,0,0,0,0,False,False,Z
3410155,2018-12-29,FLL,LGA,DL,N369NW,1722,1103,1148,1359,1426,1205,1421,7,0,0,0,20,False,False,Z
3410156,2018-12-29,LGA,MDW,WN,N904WN,6163,1105,1116,1245,1256,1137,1244,0,0,0,0,0,False,False,Z
3410157,2018-12-29,MDW,LGA,WN,N8307K,5405,1105,1135,1400,1414,1150,1410,0,0,0,0,0,False,False,Z
3410158,2018-12-29,LGA,FLL,DL,N361DN,2354,1105,1120,1419,1425,1146,1422,0,0,0,0,0,False,False,Z
3410159,2018-12-29,LGA,MIA,AA,N326RP,1554,1105,1103,1427,1407,1129,1402,0,0,0,0,0,False,False,Z
3410160,2018-12-29,LGA,MYR,NK,N645NK,921,1110,1104,1313,1300,1122,1257,0,0,0,0,0,False,False,Z
3410161,2018-12-29,GSO,LGA,OO,N285SY,3759,1110,1110,1254,1233,1124,1228,0,0,0,0,0,False,False,Z
3410162,2018-12-29,LGA,BHM,OO,N283SY,3821,1113,1111,1324,1317,1125,1315,0,0,0,0,0,False,False,Z
3410163,2018-12-29,LGA,IND,YX,N871RW,5902,1115,1107,1356,1347,1135,1336,0,0,0,0,0,False,False,Z
3410164,2018-12-29,LGA,FLL,WN,N761RR,4551,1120,1123,1440,1429,1154,1425,0,0,0,0,0,False,False,Z
3410165,2018-12-29,MIA,LGA,DL,N351DN,966,1120,1138,1424,1422,1156,1416,0,0,0,0,0,False,False,Z
3410166,2018-12-29,SYR,LGA,9E,N834AY,5186,1120,1114,1239,1207,1125,1203,0,0,0,0,0,False,False,Z
3410167,2018-12-29,LGA,BTV,9E,N933XJ,5239,1123,1117,1252,1232,1139,1223,0,0,0,0,0,False,False,Z
3410168,2018-12-29,LGA,TPA,DL,N322US,1875,1125,1124,1443,1448,1200,1427,0,0,0,0,0,False,False,Z
3410169,2018-12-29,PWM,LGA,9E,N840AY,5212,1125,1125,1312,1239,1135,1233,0,0,0,0,0,False,False,Z
3410170,2018-12-29,DFW,LGA,OO,N279SY,3694,1127,1127,1555,1523,1144,1518,0,0,0,0,0,False,False,Z
3410171,2018-12-29,LGA,BNA,OO,N274SY,3813,1129,1303,1325,1430,1317,1427,65,0,0,0,0,False,False,Z
3410172,2018-12-29,ATL,LGA,DL,N377NW,2418,1130,1129,1334,1324,1149,1318,0,0,0,0,0,False,False,Z
3410173,2018-12-29,BOS,LGA,B6,N279JB,831,1130,1210,1248,1315,1223,1311,13,0,0,0,14,False,False,Z
3410174,2018-12-29,MIA,LGA,AA,N155NN,1626,1131,1129,1430,1412,1150,1408,0,0,0,0,0,False,False,Z
3410175,2018-12-29,LGA,CLT,AA,N661AW,1788,1131,1128,1345,1338,1148,1332,0,0,0,0,0,False,False,Z
3410176,2018-12-29,LGA,CMH,YX,N879RW,6016,1133,1128,1345,1325,1151,1321,0,0,0,0,0,False,False,Z
3410177,2018-12-29,FLL,LGA,NK,N662NK,180,1134,1148,1428,1433,1211,1426,0,0,0,0,0,False,False,Z
3410178,2018-12-29,DAL,LGA,WN,N229WN,5314,1135,1203,1550,1557,1217,1552,0,0,0,0,0,False,False,Z
3410179,2018-12-29,ATL,LGA,WN,N935WN,2986,1140,1535,1350,1729,1547,1723,218,0,0,0,1,False,False,Z
3410180,2018-12-29,PWM,LGA,MQ,N835AE,3491,1140,1126,1325,1245,1137,1238,0,0,0,0,0,False,False,Z
3410181,2018-12-29,CLE,LGA,OO,N271SY,3621,1140,1147,1320,1306,1201,1302,0,0,0,0,0,False,False,Z
3410182,2018-12-29,JAX,LGA,9E,N146PQ,3352,1142,1140,1403,1336,1154,1332,0,0,0,0,0,False,False,Z
3410183,2018-12-29,LGA,MKE,9E,N304PQ,5012,1145,1137,1332,1310,1156,1303,0,0,0,0,0,False,False,Z
3410184,2018-12-29,LGA,EGE,AA,N9004F,2225,1145,1140,1445,1447,1159,1423,0,0,0,0,0,False,False,Z
3410185,2018-12-29,BNA,LGA,YX,N111HQ,4506,1148,1145,1500,1449,1158,1437,0,0,0,0,0,False,False,Z
3410186,2018-12-29,BNA,LGA,OO,N281SY,3589,1148,1403,1504,1708,1415,1658,124,0,0,0,0,False,False,Z
3410187,2018-12-29,LGA,ATL,AA,N944UW,1662,1155,1154,1437,1429,1217,1423,0,0,0,0,0,False,False,Z
3410188,2018-12-29,LGA,SAV,YX,N131HQ,4702,1159,1153,1430,1423,1220,1416,0,0,0,0,0,False,False,Z
3410189,2018-12-29,LGA,DCA,YX,N442YX,4318,1200,1150,1328,1307,1212,1301,0,0,0,0,0,False,False,Z
3410190,2018-12-29,BOS,LGA,YX,N210JQ,5916,1200,1151,1320,1302,1210,1257,0,0,0,0,0,False,False,Z
3410191,2018-12-29,RDU,LGA,YX,N870RW,5876,1200,1215,1344,1328,1227,1322,0,0,0,0,0,False,False,Z
3410192,2018-12-29,PBI,LGA,DL,N349DX,1242,1200,1155,1448,1448,1227,1442,0,0,0,0,0,False,False,Z
3410193,2018-12-29,LGA,ATL,DL,N326DN,1461,1200,1155,1450,1426,1213,1419,0,0,0,0,0,False,False,Z
3410194,2018-12-29,LGA,MCO,DL,N362DN,2077,1200,1157,1507,1436,1216,1431,0,0,0,0,0,False,False,Z
3410195,2018-12-29,FLL,LGA,DL,N355NW,2375,1200,1207,1453,1454,1232,1450,0,0,0,0,0,False,False,Z
3410196,2018-12-29,LGA,PBI,DL,N338NW,2436,1200,1155,1512,1436,1210,1432,0,0,0,0,0,False,False,Z
3410197,2018-12-29,LGA,CLE,MQ,N826AE,3884,1200,1153,1354,1333,1204,1323,0,0,0,0,0,False,False,Z
3410198,2018-12-29,ORD,LGA,UA,N893UA,1741,1200,1207,1505,1504,1227,1453,0,0,0,0,0,False,False,Z
3410199,2018-12-29,LGA,DEN,UA,N473UA,405,1200,1152,1438,1408,1202,1402,0,0,0,0,0,False,False,Z
3410200,2018-12-29,LGA,CLT,9E,N147PQ,5269,1200,1155,1426,1402,1219,1356,0,0,0,0,0,False,False,Z
3410201,2018-12-29,CLT,LGA,OO,N284SY,3824,1205,1200,1408,1342,1229,1338,0,0,0,0,0,False,False,Z
3410202,2018-12-29,CMH,LGA,YX,N215JQ,5890,1207,1201,1349,1348,1235,1342,0,0,0,0,0,False,False,Z
3410203,2018-12-29,LGA,MIA,AA,N970AN,54,1207,1203,1525,1511,1229,1508,0,0,0,0,0,False,False,Z
3410204,2018-12-29,MCO,LGA,DL,N311DN,2683,1208,1203,1441,1435,1236,1429,0,0,0,0,0,False,False,Z
3410205,2018-12-29,LGA,STL,OO,N278SY,3616,1210,1208,1425,1419,1221,1415,0,0,0,0,0,False,False,Z
3410206,2018-12-29,IAH,LGA,YV,N89308,6223,1212,1229,1637,1637,1247,1631,0,0,0,0,0,False,False,Z
3410207,2018-12-29,IND,LGA,YX,N202JQ,6087,1212,1210,1416,1345,1220,1340,0,0,0,0,0,False,False,Z
3410208,2018-12-29,BUF,LGA,9E,N301PQ,5199,1212,1952,1341,2104,2004,2059,0,0,18,0,425,False,False,Z
3410209,2018-12-29,MCO,LGA,WN,N296WN,6948,1215,1212,1450,1446,1237,1440,0,0,0,0,0,False,False,Z
3410210,2018-12-29,LGA,ORD,OO,N289SY,4111,1215,1215,1400,1402,1226,1348,0,0,0,0,0,False,False,Z
3410211,2018-12-29,SAV,LGA,9E,N279PQ,5015,1215,1322,1423,1521,1347,1517,7,0,0,0,51,False,False,Z
3410212,2018-12-29,CLT,LGA,AA,N573UW,2058,1215,1214,1400,1348,1235,1346,0,0,0,0,0,False,False,Z
3410213,2018-12-29,LGA,ORF,MQ,N816AE,3970,1216,1205,1344,1321,1223,1318,0,0,0,0,0,False,False,Z
3410214,2018-12-29,MKE,LGA,OO,N268SY,3772,1216,1228,1529,1531,1248,1527,0,0,0,0,0,False,False,Z
3410215,2018-12-29,MCI,LGA,OO,N273SY,3746,1218,1218,1602,1553,1241,1545,0,0,0,0,0,False,False,Z
3410216,2018-12-29,MCO,LGA,B6,N612JB,398,1222,1237,1457,1539,1257,1536,5,0,27,0,10,False,False,Z
3410217,2018-12-29,BNA,LGA,WN,N7859B,2436,1225,1225,1530,1539,1235,1513,0,0,0,0,0,False,False,Z
3410218,2018-12-29,TPA,LGA,DL,N332NB,2294,1225,1223,1505,1450,1242,1445,0,0,0,0,0,False,False,Z
3410219,2018-12-29,LGA,DFW,OO,N264SY,3728,1225,1233,1603,1620,1246,1608,7,0,9,0,1,False,False,Z
3410220,2018-12-29,MTJ,LGA,UA,N829UA,320,1225,1222,1836,1804,1243,1756,0,0,0,0,0,False,False,Z
3410221,2018-12-29,HOU,LGA,WN,N8609A,3832,1230,1313,1650,1716,1327,1711,0,0,6,0,20,False,False,Z
3410222,2018-12-29,LGA,CHS,YX,N120HQ,4356,1230,1221,1453,1437,1249,1430,0,0,0,0,0,False,False,Z
3410223,2018-12-29,LGA,RDU,YX,N209JQ,5980,1230,1223,1433,1407,1236,1352,0,0,0,0,0,False,False,Z
3410224,2018-12-29,LGA,DTW,DL,N987DN,2612,1230,1224,1428,1416,1237,1411,0,0,0,0,0,False,False,Z
3410225,2018-12-29,LGA,FLL,NK,N639NK,197,1230,1216,1545,1515,1239,1508,0,0,0,0,0,False,False,Z
3410226,2018-12-29,ORD,LGA,OO,N282SY,4115,1230,1230,1540,1533,1304,1529,0,0,0,0,0,False,False,Z
3410227,2018-12-29,LGA,IAH,OO,N292SY,4142,1230,1229,1607,1550,1241,1543,0,0,0,0,0,False,False,Z
3410228,2018-12-29,MIA,LGA,AA,N316RK,1556,1234,1235,1529,1527,1256,1521,0,0,0,0,0,False,False,Z
3410229,2018-12-29,LGA,MDW,WN,N745SW,3038,1235,1304,1410,1438,1319,1428,28,0,0,0,0,False,False,Z
3410230,2018-12-29,SRQ,LGA,OO,N290SY,3744,1236,1236,1520,1514,1255,1509,0,0,0,0,0,False,False,Z
3410231,2018-12-29,DSM,LGA,OO,N287SY,3726,1238,1327,1619,1714,1411,1707,6,0,6,0,43,False,False,Z
3410232,2018-12-29,DFW,LGA,AA,N992AU,1164,1240,1302,1701,1645,1312,1643,0,0,0,0,0,False,False,Z
3410233,2018-12-29,CVG,LGA,9E,N907XJ,5165,1241,1232,1435,1358,1242,1354,0,0,0,0,0,False,False,Z
3410234,2018-12-29,BGR,LGA,9E,N8936A,5256,1245,1233,1433,1409,1246,1404,0,0,0,0,0,False,False,Z
3410235,2018-12-29,LGA,DAL,WN,N714CB,4420,1250,1249,1600,1545,1303,1535,0,0,0,0,0,False,False,Z
3410236,2018-12-29,LGA,DEN,DL,N3746H,1245,1251,1244,1543,1522,1259,1515,0,0,0,0,0,False,False,Z
3410237,2018-12-29,LGA,BNA,MQ,N824AE,3416,1255,1252,1443,1430,1304,1425,0,0,0,0,0,False,False,Z
3410238,2018-12-29,PBI,LGA,B6,N520JB,362,1259,1258,1548,1600,1310,1554,0,0,0,0,0,False,False,Z
3410239,2018-12-29,DCA,LGA,YX,N875RW,5940,1300,1255,1419,1358,1309,1350,0,0,0,0,0,False,False,Z
3410240,2018-12-29,LGA,ATL,DL,N380DA,821,1300,1257,1546,1524,1312,1517,0,0,0,0,0,False,False,Z
3410241,2018-12-29,LGA,MIA,DL,N357DN,1359,1300,1304,1625,1559,1316,1555,0,0,0,0,0,False,False,Z
3410242,2018-12-29,CLE,LGA,EV,N884AS,4308,1300,1251,1442,1409,1304,1401,0,0,0,0,0,False,False,Z
3410243,2018-12-29,LGA,ORD,UA,N855UA,1478,1300,1255,1439,1427,1304,1416,0,0,0,0,0,False,False,Z
3410244,2018-12-29,LGA,DFW,AA,N811NN,1263,1300,1258,1617,1551,1309,1539,0,0,0,0,0,False,False,Z
3410245,2018-12-29,CHO,LGA,MQ,N812AE,3493,1304,1252,1430,1405,1313,1400,0,0,0,0,0,False,False,Z
3410246,2018-12-29,LGA,FLL,DL,N355DN,2264,1305,1306,1620,1623,1323,1559,0,0,0,0,0,False,False,Z
3410247,2018-12-29,LGA,DAY,OH,N249PS,5480,1305,1305,1510,1504,1321,1501,0,0,0,0,0,False,False,Z
3410248,2018-12-29,SDF,LGA,YX,N211JQ,5978,1309,1303,1516,1456,1318,1448,0,0,0,0,0,False,False,Z
3410249,2018-12-29,MSP,LGA,DL,N302NB,1924,1310,1314,1654,1630,1325,1622,0,0,0,0,0,False,False,Z
3410250,2018-12-29,CLT,LGA,AA,N831AW,1862,1310,1309,1500,1438,1323,1434,0,0,0,0,0,False,False,Z
3410251,2018-12-29,ORF,LGA,9E,N917XJ,5281,1311,1446,1441,1614,1509,1608,3,0,0,0,90,False,False,Z
3410252,2018-12-29,CHS,LGA,9E,N336PQ,5383,1316,1312,1518,1506,1337,1458,0,0,0,0,0,False,False,Z
3410253,2018-12-29,RSW,LGA,DL,N328NB,976,1317,1304,1602,1543,1321,1534,0,0,0,0,0,False,False,Z
3410254,2018-12-29,LGA,ILM,MQ,N842AE,3943,1317,1324,1507,1506,1336,1501,0,0,0,0,0,False,False,Z
3410255,2018-12-29,MCO,LGA,DL,N322DN,2275,1325,1323,1557,1545,1345,1540,0,0,0,0,0,False,False,Z
3410256,2018-12-29,IAH,LGA,OO,N288SY,4126,1326,1331,1759,1736,1350,1731,0,0,0,0,0,False,False,Z
3410257,2018-12-29,BTV,LGA,9E,N933XJ,5091,1327,1331,1459,1510,1417,1506,0,0,0,0,0,False,False,Z
3410258,2018-12-29,LGA,PBI,B6,N517JB,1161,1329,1411,1638,1701,1422,1659,13,0,0,0,10,False,False,Z
3410259,2018-12-29,MDW,LGA,WN,N8565Z,6453,1330,1413,1630,1707,1430,1700,37,0,0,0,0,False,False,Z
3410260,2018-12-29,LGA,CVG,9E,N582CA,5390,1330,1324,1553,1542,1345,1538,0,0,0,0,0,False,False,Z
3410261,2018-12-29,LGA,ORD,AA,N919NN,349,1330,1327,1514,1519,1348,1504,0,0,0,0,0,False,False,Z
3410262,2018-12-29,LGA,MIA,AA,N306RC,2669,1330,1321,1650,1630,1344,1620,0,0,0,0,0,False,False,Z
3410263,2018-12-29,LGA,CLT,AA,N549UW,598,1331,1328,1535,1525,1341,1519,0,0,0,0,0,False,False,Z
3410264,2018-12-29,LGA,BUF,OO,N285SY,3515,1334,1331,1509,1456,1351,1452,0,0,0,0,0,False,False,Z
3410265,2018-12-29,MIA,LGA,AA,N308RD,1457,1335,1325,1629,1609,1338,1604,0,0,0,0,0,False,False,Z
3410266,2018-12-29,LGA,MDW,WN,N933WN,2598,1340,1806,1505,1943,1822,1937,1,0,12,0,265,False,False,Z
3410267,2018-12-29,LGA,STL,YX,N413YX,4576,1340,1331,1536,1535,1347,1531,0,0,0,0,0,False,False,Z
3410268,2018-12-29,GRR,LGA,YX,N818MD,6117,1340,1448,1543,1630,1501,1619,47,0,0,0,0,False,False,Z
3410269,2018-12-29,MSY,LGA,DL,N361NW,883,1340,1421,1735,1745,1430,1739,0,0,0,0,0,False,False,Z
3410270,2018-12-29,MIA,LGA,DL,N350DN,2171,1340,1338,1644,1621,1354,1616,0,0,0,0,0,False,False,Z
3410271,2018-12-29,DFW,LGA,AA,N933AN,310,1344,1347,1800,1740,1402,1734,0,0,0,0,0,False,False,Z
3410272,2018-12-29,ATL,LGA,DL,N371NW,1586,1345,1343,1556,1529,1353,1523,0,0,0,0,0,False,False,Z
3410273,2018-12-29,RDU,LGA,MQ,N819AE,4015,1345,1351,1525,1517,1410,1511,0,0,0,0,0,False,False,Z
3410274,2018-12-29,LGA,IAH,UA,N1902U,2078,1349,1548,1657,1859,1604,1844,3,0,3,0,116,False,False,Z
3410275,2018-12-29,DTW,LGA,DL,N926AT,2231,1350,1350,1553,1525,1414,1519,0,0,0,0,0,False,False,Z
3410276,2018-12-29,LGA,DFW,NK,N606NK,917,1354,1352,1707,1658,1409,1645,0,0,0,0,0,False,False,Z
3410277,2018-12-29,BHM,LGA,OO,N283SY,3737,1354,1355,1715,1701,1404,1656,0,0,0,0,0,False,False,Z
3410278,2018-12-29,GSP,LGA,9E,N316PQ,5157,1354,1348,1555,1520,1357,1514,0,0,0,0,0,False,False,Z
3410279,2018-12-29,DEN,LGA,WN,N239WN,4586,1355,1404,1930,1919,1417,1908,0,0,0,0,0,False,False,Z
3410280,2018-12-29,LGA,MSY,DL,N321NB,1182,1355,1348,1621,1615,1402,1610,0,0,0,0,0,False,False,Z
3410281,2018-12-29,BNA,LGA,OO,N274SY,3583,1355,1458,1716,1754,1508,1749,0,0,0,0,38,False,False,Z
3410282,2018-12-29,LGA,BOS,B6,N279JB,832,1355,1351,1507,1433,1358,1429,0,0,0,0,0,False,False,Z
3410283,2018-12-29,MEM,LGA,OO,N275SY,3659,1359,1359,1731,1719,1412,1713,0,0,0,0,0,False,False,Z
3410284,2018-12-29,LGA,CLT,YX,N210JQ,6033,1400,1359,1620,1611,1425,1603,0,0,0,0,0,False,False,Z
3410285,2018-12-29,LGA,BNA,OO,N270SY,3646,1400,1433,1549,1622,1449,1615,31,0,0,0,2,False,False,Z
3410286,2018-12-29,LGA,PWM,9E,N834AY,5242,1400,1354,1522,1505,1413,1502,0,0,0,0,0,False,False,Z
3410287,2018-12-29,ATL,LGA,WN,N7729A,1189,1405,1459,1615,1652,1513,1646,16,0,0,0,21,False,False,Z
3410288,2018-12-29,LGA,TPA,DL,N328NW,2713,1405,1403,1714,1648,1418,1644,0,0,0,0,0,False,False,Z
3410289,2018-12-29,MYR,LGA,NK,N645NK,922,1410,1400,1558,1539,1410,1525,0,0,0,0,0,False,False,Z
3410290,2018-12-29,LGA,ORD,OO,N271SY,4195,1415,1413,1600,1554,1424,1544,0,0,0,0,0,False,False,Z
3410291,2018-12-29,MKE,LGA,9E,N304PQ,3465,1415,1408,1726,1656,1419,1649,0,0,0,0,0,False,False,Z
3410292,2018-12-29,PBI,LGA,DL,N374NW,1174,1417,1409,1714,1655,1431,1650,0,0,0,0,0,False,False,Z
3410293,2018-12-29,DEN,LGA,UA,N437UA,338,1418,1428,1951,1938,1442,1933,0,0,0,0,0,False,False,Z
3410294,2018-12-29,LGA,ORF,9E,N840AY,5101,1420,1413,1551,1525,1430,1522,0,0,0,0,0,False,False,Z
3410295,2018-12-29,LGA,PBI,WN,N935WN,3750,1425,1828,1725,2113,1844,2109,22,0,0,0,206,False,False,Z
3410296,2018-12-29,MCO,LGA,DL,N354DN,2758,1425,1422,1700,1642,1434,1636,0,0,0,0,0,False,False,Z
3410297,2018-12-29,IND,LGA,YX,N871RW,5874,1429,1422,1636,1612,1434,1556,0,0,0,0,0,False,False,Z
3410298,2018-12-29,LGA,CMH,YX,N215JQ,6038,1429,1427,1639,1618,1443,1612,0,0,0,0,0,False,False,Z
3410299,2018-12-29,MCO,LGA,F9,N235FR,2034,1430,1425,1709,1720,1457,1709,0,0,0,0,0,False,False,Z
3410300,2018-12-29,ATL,LGA,DL,N352DN,2629,1430,1432,1632,1635,1450,1629,0,0,0,0,0,False,False,Z
3410301,2018-12-29,LGA,CVG,MQ,N840AE,3425,1430,1419,1646,1645,1436,1638,0,0,0,0,0,False,False,Z
3410302,2018-12-29,LGA,MEM,MQ,N835AE,3778,1430,1425,1642,1643,1435,1640,0,0,0,0,0,False,False,Z
3410303,2018-12-29,ORD,LGA,OO,N277SY,4114,1430,1426,1739,1743,1501,1737,0,0,0,0,0,False,False,Z
3410304,2018-12-29,LGA,DFW,AA,N163AA,1056,1430,1436,1745,1750,1454,1739,0,0,0,0,0,False,False,Z
3410305,2018-12-29,CLT,LGA,AA,N508AY,2068,1430,1430,1616,1606,1445,1601,0,0,0,0,0,False,False,Z
3410306,2018-12-29,LGA,RSW,DL,N377NW,1456,1432,1428,1751,1712,1441,1708,0,0,0,0,0,False,False,Z
3410307,2018-12-29,FLL,LGA,WN,N950WN,6211,1435,1618,1730,1904,1634,1857,94,0,0,0,0,False,False,Z
3410308,2018-12-29,LGA,ATL,WN,N8307K,4524,1440,1505,1715,1723,1519,1719,0,0,0,0,0,False,False,Z
3410309,2018-12-29,LGA,FLL,B6,N807JB,1171,1440,1542,1759,1840,1602,1834,7,0,0,0,34,False,False,Z
3410310,2018-12-29,LGA,PIT,9E,N146PQ,5084,1444,1438,1632,1604,1457,1559,0,0,0,0,0,False,False,Z
3410311,2018-12-29,DFW,LGA,AA,N138AN,2443,1444,1521,1901,1907,1536,1903,0,0,0,0,0,False,False,Z
3410312,2018-12-29,LGA,RDU,YX,N870RW,6047,1445,1455,1648,1628,1508,1624,0,0,0,0,0,False,False,Z
3410313,2018-12-29,LGA,DTW,DL,N949AT,2835,1445,1438,1657,1631,1452,1627,0,0,0,0,0,False,False,Z
3410314,2018-12-29,LGA,MSP,DL,N3772H,855,1449,1444,1705,1651,1459,1645,0,0,0,0,0,False,False,Z
3410315,2018-12-29,LGA,CHS,OO,N284SY,3738,1449,1446,1714,1702,1500,1652,0,0,0,0,0,False,False,Z
3410316,2018-12-29,DFW,LGA,YX,N823MD,6083,1450,1501,1913,1854,1514,1848,0,0,0,0,0,False,False,Z
3410317,2018-12-29,IAH,LGA,UA,N495UA,488,1450,1508,1909,1854,1521,1850,0,0,0,0,0,False,False,Z
3410318,2018-12-29,LGA,BNA,WN,N943WN,5853,1455,1510,1635,1654,1530,1649,13,0,4,0,2,False,False,Z
3410319,2018-12-29,LGA,CLT,AA,N573UW,1893,1458,1451,1705,1640,1503,1637,0,0,0,0,0,False,False,Z
3410320,2018-12-29,STL,LGA,OO,N278SY,3601,1459,1609,1826,1904,1622,1859,38,0,0,0,0,False,False,Z
3410321,2018-12-29,LGA,SAV,9E,N932XJ,5338,1459,1449,1740,1706,1505,1700,0,0,0,0,0,False,False,Z
3410322,2018-12-29,LGA,IND,YX,N202JQ,5875,1500,1500,1737,1734,1524,1728,0,0,0,0,0,False,False,Z
3410323,2018-12-29,LGA,DCA,YX,N875RW,6002,1500,1450,1630,1552,1504,1549,0,0,0,0,0,False,False,Z
3410324,2018-12-29,LGA,ATL,DL,N336NW,645,1500,1456,1736,1719,1510,1708,0,0,0,0,0,False,False,Z
3410325,2018-12-29,ORD,LGA,UA,N493UA,509,1500,1504,1805,1750,1521,1743,0,0,0,0,0,False,False,Z
3410326,2018-12-29,LGA,CLE,9E,N279PQ,3416,1503,1600,1705,1749,1625,1742,0,0,0,0,44,False,False,Z
3410327,2018-12-29,RDU,LGA,YX,N209JQ,5894,1505,1500,1653,1633,1521,1624,0,0,0,0,0,False,False,Z
3410328,2018-12-29,SRQ,LGA,DL,N356NW,1473,1505,1501,1751,1732,1513,1726,0,0,0,0,0,False,False,Z
3410329,2018-12-29,CLT,LGA,9E,N147PQ,5276,1505,1459,1710,1648,1525,1640,0,0,0,0,0,False,False,Z
3410330,2018-12-29,MSP,LGA,DL,N951AT,1071,1510,1506,1900,1840,1519,1812,0,0,0,0,0,False,False,Z
3410331,2018-12-29,BNA,LGA,MQ,N824AE,3416,1513,1545,1830,1847,1602,1841,17,0,0,0,0,False,False,Z
3410332,2018-12-29,LGA,MIA,DL,N369NW,1982,1514,1524,1841,1824,1539,1819,0,0,0,0,0,False,False,Z
3410333,2018-12-29,BNA,LGA,WN,N8723Q,4808,1515,1516,1820,1833,1526,1803,0,0,0,0,0,False,False,Z
3410334,2018-12-29,MKE,LGA,WN,N8552Z,5480,1515,1516,1815,1821,1524,1751,0,0,0,0,0,False,False,Z
3410335,2018-12-29,LGA,CLE,EV,N884AS,4072,1515,1507,1708,1644,1520,1638,0,0,0,0,0,False,False,Z
3410336,2018-12-29,LGA,ROC,9E,N8936A,5216,1515,1509,1648,1621,1526,1617,0,0,0,0,0,False,False,Z
3410337,2018-12-29,LGA,JAX,9E,N907XJ,3473,1515,1512,1811,1742,1528,1738,0,0,0,0,0,False,False,Z
3410338,2018-12-29,BOS,LGA,B6,N353JB,1231,1515,1523,1640,1631,1544,1626,0,0,0,0,0,False,False,Z
3410339,2018-12-29,LGA,DEN,WN,N8628A,3397,1520,1530,1800,1758,1543,1751,0,0,0,0,0,False,False,Z
3410340,2018-12-29,LGA,MCO,WN,N296WN,3816,1525,1538,1825,1822,1558,1815,0,0,0,0,0,False,False,Z
3410341,2018-12-29,TPA,LGA,DL,N322US,2646,1528,1543,1809,1809,1559,1802,0,0,0,0,0,False,False,Z
3410342,2018-12-29,LGA,RIC,9E,N917XJ,5328,1529,1649,1711,1816,1706,1801,0,0,0,0,65,False,False,Z
3410343,2018-12-29,ATL,LGA,DL,N356DN,2790,1530,1557,1737,1747,1612,1742,0,0,0,0,0,False,False,Z
3410344,2018-12-29,LGA,FLL,NK,N662NK,171,1530,1529,1845,1822,1546,1817,0,0,0,0,0,False,False,Z
3410345,2018-12-29,LGA,MIA,AA,N155NN,1626,1530,1520,1854,1833,1537,1818,0,0,0,0,0,False,False,Z
3410346,2018-12-29,EGE,LGA,AA,N9004F,2225,1530,1555,2131,2127,1611,2122,0,0,0,0,0,False,False,Z
3410347,2018-12-29,ILM,LGA,MQ,N842AE,3943,1532,1528,1722,1700,1537,1654,0,0,0,0,0,False,False,Z
3410348,2018-12-29,MIA,LGA,AA,N326RP,2809,1533,1528,1830,1810,1542,1805,0,0,0,0,0,False,False,Z
3410349,2018-12-29,CHS,LGA,YX,N120HQ,4356,1534,1523,1749,1723,1546,1714,0,0,0,0,0,False,False,Z
3410350,2018-12-29,ATL,LGA,AA,N944UW,1662,1534,1536,1750,1734,1549,1725,0,0,0,0,0,False,False,Z
3410351,2018-12-29,MIA,LGA,DL,N334DN,2409,1535,1536,1841,1813,1547,1808,0,0,0,0,0,False,False,Z
3410352,2018-12-29,FLL,LGA,DL,N314DN,2698,1536,1608,1831,1847,1624,1843,2,0,0,0,14,False,False,Z
3410353,2018-12-29,LGA,FLL,DL,N311DN,2064,1539,1535,1855,1831,1555,1828,0,0,0,0,0,False,False,Z
3410354,2018-12-29,DTW,LGA,DL,N994AT,1990,1544,1540,1741,1712,1555,1705,0,0,0,0,0,False,False,Z
3410355,2018-12-29,LGA,MSN,OO,N290SY,3581,1544,1547,1733,1741,1607,1733,0,0,0,0,0,False,False,Z
3410356,2018-12-29,DFW,LGA,AA,N971AN,2716,1544,1608,1959,1957,1620,1950,0,0,0,0,0,False,False,Z
3410357,2018-12-29,LGA,SAT,WN,N746SW,4773,1545,1540,1925,1927,1600,1924,0,0,0,0,0,False,False,Z
3410358,2018-12-29,STL,LGA,WN,N938WN,5149,1545,1634,1900,2017,1640,1913,18,0,28,0,31,False,False,Z
3410359,2018-12-29,LGA,PBI,DL,N355NW,1542,1545,1553,1856,1851,1615,1836,0,0,0,0,0,False,False,Z
3410360,2018-12-29,LGA,IAH,UA,N4888U,833,1545,1536,1855,1846,1553,1831,0,0,0,0,0,False,False,Z
3410361,2018-12-29,LGA,CLT,AA,N831AW,1862,1545,1535,1755,1727,1550,1723,0,0,0,0,0,False,False,Z
3410362,2018-12-29,LGA,MCO,DL,N349DX,1398,1546,1549,1901,1828,1606,1820,0,0,0,0,0,False,False,Z
3410363,2018-12-29,SAV,LGA,YX,N131HQ,4702,1549,1545,1800,1741,1601,1732,0,0,0,0,0,False,False,Z
3410364,2018-12-29,BUF,LGA,OO,N285SY,3519,1550,1550,1721,1711,1610,1704,0,0,0,0,0,False,False,Z
3410365,2018-12-29,HOU,LGA,WN,N7833A,4558,1555,1905,2015,2248,1915,2241,153,0,0,0,0,False,False,Z
3410366,2018-12-29,DEN,LGA,UA,N497UA,406,1558,1557,2130,2115,1608,2108,0,0,0,0,0,False,False,Z
3410367,2018-12-29,LGA,STL,9E,N336PQ,5169,1558,1548,1812,1810,1620,1806,0,0,0,0,0,False,False,Z
3410368,2018-12-29,LGA,DFW,AA,N932AM,1608,1559,1554,1920,1914,1613,1844,0,0,0,0,0,False,False,Z
3410369,2018-12-29,DCA,LGA,YX,N422YX,4335,1600,1600,1730,1706,1618,1702,0,0,0,0,0,False,False,Z
3410370,2018-12-29,LGA,IND,YX,N111HQ,4446,1600,1554,1828,1825,1609,1817,0,0,0,0,0,False,False,Z
3410371,2018-12-29,LGA,BOS,YX,N211JQ,6066,1600,1658,1720,1751,1708,1744,31,0,0,0,0,False,False,Z
3410372,2018-12-29,LGA,TPA,DL,N332NB,786,1600,1555,1910,1839,1611,1836,0,0,0,0,0,False,False,Z
3410373,2018-12-29,PBI,LGA,DL,N338NW,1902,1600,1553,1855,1822,1607,1817,0,0,0,0,0,False,False,Z
3410374,2018-12-29,LGA,ATL,DL,N351DN,2299,1600,1559,1847,1824,1617,1817,0,0,0,0,0,False,False,Z
3410375,2018-12-29,LGA,GSO,OO,N275SY,3610,1600,1756,1801,1932,1809,1927,91,0,0,0,0,False,False,Z
3410376,2018-12-29,ORD,LGA,UA,N855UA,533,1600,1601,1905,1848,1622,1845,0,0,0,0,0,False,False,Z
3410377,2018-12-29,PWM,LGA,9E,N834AY,5192,1600,1555,1732,1722,1603,1716,0,0,0,0,0,False,False,Z
3410378,2018-12-29,LGA,MCO,B6,N612JB,299,1600,1646,1909,1945,1703,1932,21,0,0,0,15,False,False,Z
3410379,2018-12-29,FLL,LGA,B6,N258JB,1272,1604,1620,1900,1907,1635,1901,0,0,0,0,0,False,False,Z
3410380,2018-12-29,LGA,HOU,WN,N8539V,4280,1605,1613,1920,1932,1628,1911,0,0,0,0,0,False,False,Z
3410381,2018-12-29,LGA,MKE,WN,N7859B,2436,1605,1615,1735,1748,1633,1739,0,0,0,0,0,False,False,Z
3410382,2018-12-29,STL,LGA,YX,N413YX,4576,1606,1605,1935,1920,1615,1852,0,0,0,0,0,False,False,Z
3410383,2018-12-29,DTW,LGA,NK,N648NK,347,1607,1613,1756,1743,1632,1736,0,0,0,0,0,False,False,Z
3410384,2018-12-29,MCO,LGA,DL,N362DN,2649,1610,1609,1845,1830,1625,1824,0,0,0,0,0,False,False,Z
3410385,2018-12-29,LGA,PWM,MQ,N819AE,3693,1610,1559,1742,1713,1618,1703,0,0,0,0,0,False,False,Z
3410386,2018-12-29,CLT,LGA,AA,N576UW,1722,1610,1616,1800,1749,1633,1745,0,0,0,0,0,False,False,Z
3410387,2018-12-29,LGA,BUF,OO,N268SY,4592,1613,1630,1750,1744,1641,1740,0,0,0,0,0,False,False,Z
3410388,2018-12-29,ATL,LGA,WN,N8657B,3025,1615,1613,1825,1821,1623,1755,0,0,0,0,0,False,False,Z
3410389,2018-12-29,LGA,ORD,OO,N279SY,4199,1615,1613,1800,1801,1630,1754,0,0,0,0,0,False,False,Z
3410390,2018-12-29,BNA,LGA,OO,N270SY,3669,1620,1654,1942,1955,1707,1945,0,0,0,0,0,False,False,Z
3410391,2018-12-29,LGA,STL,WN,N229WN,5323,1625,1644,1820,1832,1655,1827,0,0,0,0,0,False,False,Z
3410392,2018-12-29,DEN,LGA,DL,N3746H,2333,1628,1625,2211,2138,1639,2133,0,0,0,0,0,False,False,Z
3410393,2018-12-29,LGA,PBI,B6,N520JB,761,1629,1700,1945,1941,1715,1939,0,0,0,0,0,False,False,Z
3410394,2018-12-29,LGA,CLT,YX,N818MD,6126,1630,1658,1855,1913,1719,1905,18,0,0,0,0,False,False,Z
3410395,2018-12-29,ATL,LGA,DL,N309US,1886,1630,1629,1845,1827,1643,1815,0,0,0,0,0,False,False,Z
3410396,2018-12-29,CLE,LGA,EV,N13538,4106,1630,1627,1812,1747,1641,1741,0,0,0,0,0,False,False,Z
3410397,2018-12-29,ORD,LGA,OO,N289SY,4184,1630,1623,1936,1924,1656,1919,0,0,0,0,0,False,False,Z
3410398,2018-12-29,ORD,LGA,AA,N919NN,196,1630,1648,1933,1931,1701,1923,0,0,0,0,0,False,False,Z
3410399,2018-12-29,CVG,LGA,9E,N582CA,5115,1631,1631,1829,1805,1643,1759,0,0,0,0,0,False,False,Z
3410400,2018-12-29,IAH,LGA,UA,N27239,2094,1634,1630,2052,2021,1649,2018,0,0,0,0,0,False,False,Z
3410401,2018-12-29,FLL,LGA,NK,N639NK,174,1635,1657,1929,2000,1715,1940,22,0,9,0,0,False,False,Z
3410402,2018-12-29,LGA,RDU,OO,N282SY,3639,1635,1630,1829,1804,1640,1758,0,0,0,0,0,False,False,Z
3410403,2018-12-29,MDW,LGA,WN,N273WN,3850,1640,1803,1940,2049,1822,2041,16,0,0,0,53,False,False,Z
3410404,2018-12-29,LGA,MSP,DL,N926AT,927,1640,1637,1913,1840,1647,1836,0,0,0,0,0,False,False,Z
3410405,2018-12-29,IAH,LGA,OO,N292SY,4167,1640,1640,2113,2039,1704,2035,0,0,0,0,0,False,False,Z
3410406,2018-12-29,TPA,LGA,WN,N276WN,2685,1645,1712,1920,1946,1723,1927,26,0,0,0,0,False,False,Z
3410407,2018-12-29,LGA,BNA,OO,N287SY,3681,1645,1805,1841,1934,1819,1930,0,0,0,0,53,False,False,Z
3410408,2018-12-29,LGA,MIA,AA,N316RK,2392,1645,1636,2008,2008,1651,1929,0,0,0,0,0,False,False,Z
3410409,2018-12-29,LGA,DTW,NK,N645NK,922,1649,1644,1853,1840,1657,1831,0,0,0,0,0,False,False,Z
3410410,2018-12-29,LGA,MCI,WN,N7729A,1189,1650,1742,1920,2026,1805,2022,15,0,14,0,37,False,False,Z
3410411,2018-12-29,LGA,DTW,DL,N328NB,1616,1657,1649,1906,1841,1659,1835,0,0,0,0,0,False,False,Z
3410412,2018-12-29,LGA,MCI,OO,N273SY,3751,1659,1643,1944,1917,1701,1914,0,0,0,0,0,False,False,Z
3410413,2018-12-29,DCA,LGA,YX,N878RW,5910,1700,1656,1825,1757,1708,1748,0,0,0,0,0,False,False,Z
3410414,2018-12-29,CLT,LGA,YX,N357FC,5952,1700,1657,1859,1841,1721,1835,0,0,0,0,0,False,False,Z
3410415,2018-12-29,LGA,ATL,DL,N371NW,1346,1700,1649,1950,1912,1704,1906,0,0,0,0,0,False,False,Z
3410416,2018-12-29,DFW,LGA,OO,N264SY,3687,1700,1716,2126,2112,1733,2105,0,0,0,0,0,False,False,Z
3410417,2018-12-29,MIA,LGA,AA,N899NN,332,1706,1700,2001,1958,1721,1948,0,0,0,0,0,False,False,Z
3410418,2018-12-29,PIT,LGA,9E,N146PQ,5096,1707,1659,1840,1832,1734,1826,0,0,0,0,0,False,False,Z
3410419,2018-12-29,CMH,LGA,YX,N215JQ,6109,1709,1707,1859,1830,1714,1821,0,0,0,0,0,False,False,Z
3410420,2018-12-29,MCI,LGA,OO,N263SY,4125,1710,1706,2058,2028,1722,2023,0,0,0,0,0,False,False,Z
3410421,2018-12-29,LGA,STL,YX,N410YX,4557,1715,1709,1912,1858,1721,1853,0,0,0,0,0,False,False,Z
3410422,2018-12-29,LGA,CLT,AA,N508AY,2068,1717,1706,1928,1910,1722,1903,0,0,0,0,0,False,False,Z
3410423,2018-12-29,ORF,LGA,9E,N836AY,3386,1719,1710,1912,1836,1729,1820,0,0,0,0,0,False,False,Z
3410424,2018-12-29,LGA,DAL,WN,N8565Z,6453,1720,1811,2030,2127,1825,2111,14,0,6,0,37,False,False,Z
3410425,2018-12-29,RDU,LGA,YX,N870RW,5887,1720,1720,1904,1851,1743,1846,0,0,0,0,0,False,False,Z
3410426,2018-12-29,FLL,LGA,DL,N355DN,1660,1720,1725,2020,1959,1737,1954,0,0,0,0,0,False,False,Z
3410427,2018-12-29,MSY,LGA,DL,N321NB,1867,1720,1723,2112,2048,1733,2043,0,0,0,0,0,False,False,Z
3410428,2018-12-29,LGA,IAH,YV,N89308,6106,1725,1723,2040,2039,1738,2028,0,0,0,0,0,False,False,Z
3410429,2018-12-29,MIA,LGA,DL,N357DN,1994,1725,1731,2034,2027,1803,2020,0,0,0,0,0,False,False,Z
3410430,2018-12-29,LGA,RIC,MQ,N842AE,3937,1729,1724,1859,1851,1750,1846,0,0,0,0,0,False,False,Z
3410431,2018-12-29,LGA,MIA,AA,N308RD,1389,1729,1721,2048,2053,1746,2023,0,0,0,0,0,False,False,Z
3410432,2018-12-29,ATL,LGA,DL,N380DA,723,1730,1808,1944,2016,1842,2010,32,0,0,0,0,False,False,Z
3410433,2018-12-29,LGA,ATL,DL,N352DN,1856,1730,1728,2009,2003,1756,1956,0,0,0,0,0,False,False,Z
3410434,2018-12-29,MIA,LGA,AA,N867NN,1311,1730,1823,2030,2107,1840,2101,0,0,0,0,37,False,False,Z
3410435,2018-12-29,IAH,LGA,UA,N835UA,1284,1734,1730,2152,2121,1747,2118,0,0,0,0,0,False,False,Z
3410436,2018-12-29,ROC,LGA,9E,N8886A,5223,1736,1729,1909,1845,1746,1832,0,0,0,0,0,False,False,Z
3410437,2018-12-29,DEN,LGA,UA,N69804,1013,1737,1734,2308,2240,1748,2237,0,0,0,0,0,False,False,Z
3410438,2018-12-29,LGA,FLL,DL,N322DN,2056,1740,1744,2051,2040,1803,2036,0,0,0,0,0,False,False,Z
3410439,2018-12-29,LGA,MDW,WN,N8609A,3832,1745,1814,1920,2019,1831,1948,3,0,30,0,26,False,False,Z
3410440,2018-12-29,LGA,MIA,DL,N350DN,2678,1745,1742,2104,2058,1800,2032,0,0,0,0,0,False,False,Z
3410441,2018-12-29,CVG,LGA,MQ,N840AE,3688,1745,1739,1953,1913,1749,1906,0,0,0,0,0,False,False,Z
3410442,2018-12-29,MCO,LGA,B6,N524JB,1198,1745,1756,2024,2044,1809,2039,11,0,9,0,0,False,False,Z
3410443,2018-12-29,ORD,LGA,NK,N901NK,630,1747,1742,2059,2056,1813,2034,0,0,0,0,0,False,False,Z
3410444,2018-12-29,CHS,LGA,OO,N284SY,3655,1748,1747,1949,1947,1810,1936,0,0,0,0,0,False,False,Z
3410445,2018-12-29,DEN,LGA,WN,N7721E,6259,1750,1809,2325,2319,1825,2314,0,0,0,0,0,False,False,Z
3410446,2018-12-29,CLE,LGA,9E,N904XJ,3467,1750,1815,1932,1939,1834,1931,0,0,0,0,0,False,False,Z
3410447,2018-12-29,FLL,LGA,B6,N588JB,672,1752,1802,2048,2120,1821,2111,10,0,22,0,0,False,False,Z
3410448,2018-12-29,DFW,LGA,AA,N812NN,1191,1754,1749,2210,2136,1801,2131,0,0,0,0,0,False,False,Z
3410449,2018-12-29,LGA,IAH,OO,N283SY,4123,1755,1753,2123,2134,1816,2125,0,0,0,0,0,False,False,Z
3410450,2018-12-29,MSP,LGA,DL,N3772H,2253,1756,1755,2147,2122,1824,2116,0,0,0,0,0,False,False,Z
3410451,2018-12-29,DTW,LGA,DL,N815DN,779,1758,1754,1953,1924,1812,1916,0,0,0,0,0,False,False,Z
3410452,2018-12-29,LGA,ATL,F9,N235FR,423,1759,1850,2051,2110,1907,2103,19,0,0,0,0,False,False,Z
3410453,2018-12-29,TPA,LGA,DL,N328NW,1532,1759,1752,2046,2010,1801,2001,0,0,0,0,0,False,False,Z
3410454,2018-12-29,LGA,CHO,MQ,N818AE,3604,1759,1751,1925,1908,1806,1905,0,0,0,0,0,False,False,Z
3410455,2018-12-29,LGA,CLE,OO,N274SY,3572,1759,1843,1959,2026,1900,2021,0,0,0,0,27,False,False,Z
3410456,2018-12-29,LGA,ORF,9E,N316PQ,5077,1759,1753,1934,1905,1810,1902,0,0,0,0,0,False,False,Z
3410457,2018-12-29,LGA,DFW,AA,N992AU,1164,1759,1749,2110,2050,1808,2036,0,0,0,0,0,False,False,Z
3410458,2018-12-29,LGA,CLT,YX,N871RW,5953,1800,1748,2020,1959,1818,1951,0,0,0,0,0,False,False,Z
3410459,2018-12-29,BOS,LGA,YX,N214JQ,6075,1800,1836,1925,1952,1904,1947,13,0,0,0,14,False,False,Z
3410460,2018-12-29,LGA,ATL,DL,N302NB,1832,1800,1826,2046,2041,1840,2033,0,0,0,0,0,False,False,Z
3410461,2018-12-29,LGA,ORD,UA,N893UA,1709,1800,1757,1950,2011,1814,1953,0,0,21,0,0,False,False,Z
3410462,2018-12-29,LGA,DFW,OO,N285SY,3733,1802,1801,2128,2139,1823,2126,0,0,0,0,0,False,False,Z
3410463,2018-12-29,MSN,LGA,OO,N290SY,3575,1803,1812,2117,2134,1842,2130,1,0,8,0,8,False,False,Z
3410464,2018-12-29,LGA,MSY,WN,N950WN,6211,1805,1958,2040,2238,2021,2232,19,0,5,0,94,False,False,Z
3410465,2018-12-29,PBI,LGA,WN,N935WN,3530,1805,2150,2050,18,2158,12,0,0,0,0,208,False,False,Z
3410466,2018-12-29,LGA,PBI,DL,N374NW,840,1805,1754,2108,2034,1811,2031,0,0,0,0,0,False,False,Z
3410467,2018-12-29,IND,LGA,YX,N202JQ,6082,1807,1807,2013,1949,1822,1940,0,0,0,0,0,False,False,Z
3410468,2018-12-29,PWM,LGA,MQ,N819AE,3693,1807,1757,1951,1925,1807,1911,0,0,0,0,0,False,False,Z
3410469,2018-12-29,DAL,LGA,WN,N953WN,4519,1810,2054,2220,31,2102,27,131,0,0,0,0,False,False,Z
3410470,2018-12-29,SAV,LGA,9E,N932XJ,5487,1815,1809,2027,2004,1832,1958,0,0,0,0,0,False,False,Z
3410471,2018-12-29,RIC,LGA,9E,N917XJ,5505,1816,1845,2000,1951,1859,1943,0,0,0,0,0,False,False,Z
3410472,2018-12-29,CLT,LGA,AA,N573UW,1893,1816,1823,2012,1957,1842,1952,0,0,0,0,0,False,False,Z
3410473,2018-12-29,LGA,DEN,UA,N493UA,2416,1819,1844,2051,2046,1855,2041,0,0,0,0,0,False,False,Z
3410474,2018-12-29,LGA,DEN,DL,N396DA,834,1820,1815,2118,2041,1830,2033,0,0,0,0,0,False,False,Z
3410475,2018-12-29,LGA,GSO,9E,N834AY,3498,1820,1857,2018,2045,1920,2036,27,0,0,0,0,False,False,Z
3410476,2018-12-29,LGA,JAX,9E,N304PQ,3379,1820,1818,2112,2048,1836,2042,0,0,0,0,0,False,False,Z
3410477,2018-12-29,BUF,LGA,OO,N268SY,4441,1822,1833,1956,2001,1845,1946,0,0,0,0,0,False,False,Z
3410478,2018-12-29,LGA,MSP,DL,N994AT,2292,1824,1820,2048,2055,1834,2022,0,0,0,0,0,False,False,Z
3410479,2018-12-29,LGA,RSW,DL,N361NW,1957,1825,1838,2138,2126,1858,2123,0,0,0,0,0,False,False,Z
3410480,2018-12-29,LGA,MCO,B6,N353JB,1999,1829,1818,2138,2104,1833,2050,0,0,0,0,0,False,False,Z
3410481,2018-12-29,ATL,LGA,DL,N336NW,2652,1830,1827,2050,2033,1859,2029,0,0,0,0,0,False,False,Z
3410482,2018-12-29,LGA,RDU,OO,N281SY,3644,1830,1900,2030,2032,1917,2029,0,0,0,0,0,False,False,Z
3410483,2018-12-29,ORD,LGA,OO,N279SY,4151,1830,1836,2138,2141,1909,2136,0,0,0,0,0,False,False,Z
3410484,2018-12-29,LGA,MKE,OO,N277SY,4188,1830,1824,2012,2011,1842,2005,0,0,0,0,0,False,False,Z
3410485,2018-12-29,GSO,LGA,OO,N275SY,3600,1831,2007,2016,2119,2015,2114,0,0,0,0,63,False,False,Z
3410486,2018-12-29,MIA,LGA,AA,N338RS,313,1834,1845,2129,2133,1907,2128,0,0,0,0,0,False,False,Z
3410487,2018-12-29,RSW,LGA,DL,N377NW,1925,1836,1829,2125,2102,1844,2057,0,0,0,0,0,False,False,Z
3410488,2018-12-29,CLE,LGA,MQ,N833AE,3773,1836,1850,2025,2021,1919,2014,0,0,0,0,0,False,False,Z
3410489,2018-12-29,LGA,STL,OO,N288SY,3788,1840,1829,2050,2053,1852,2047,0,0,0,0,0,False,False,Z
3410490,2018-12-29,DFW,LGA,AA,N902AA,2708,1840,1837,2303,2242,1854,2236,0,0,0,0,0,False,False,Z
3410491,2018-12-29,LGA,CMH,YX,N209JQ,6124,1845,1840,2051,2030,1856,2025,0,0,0,0,0,False,False,Z
3410492,2018-12-29,LGA,MSY,DL,N356NW,1948,1845,1839,2126,2057,1854,2053,0,0,0,0,0,False,False,Z
3410493,2018-12-29,LGA,CLE,EV,N13538,4235,1845,1837,2038,2016,1849,2008,0,0,0,0,0,False,False,Z
3410494,2018-12-29,LGA,MYR,NK,N648NK,347,1846,1840,2046,2025,1854,2020,0,0,0,0,0,False,False,Z
3410495,2018-12-29,PBI,LGA,B6,N630JB,1262,1846,1849,2135,2124,1907,2119,0,0,0,0,0,False,False,Z
3410496,2018-12-29,STL,LGA,9E,N336PQ,5295,1847,1844,2209,2153,1912,2147,0,0,0,0,0,False,False,Z
3410497,2018-12-29,MDW,LGA,WN,N294WN,6717,1850,2058,2150,2341,2116,2336,104,0,0,0,7,False,False,Z
3410498,2018-12-29,MIA,LGA,F9,N335FR,1596,1852,1901,2200,2153,1927,2145,0,0,0,0,0,False,False,Z
3410499,2018-12-29,LGA,CLT,AA,N576UW,1722,1856,1844,2105,2048,1902,2039,0,0,0,0,0,False,False,Z
3410500,2018-12-29,LGA,MCO,DL,N322US,1585,1859,1859,2203,2133,1914,2127,0,0,0,0,0,False,False,Z
3410501,2018-12-29,LGA,IAH,UA,N495UA,1167,1859,1934,2202,2248,1958,2245,0,0,11,0,35,False,False,Z
3410502,2018-12-29,LGA,DCA,YX,N878RW,5936,1900,1845,2023,1956,1904,1953,0,0,0,0,0,False,False,Z
3410503,2018-12-29,LGA,ATL,DL,N354DN,2248,1900,1900,2144,2122,1915,2116,0,0,0,0,0,False,False,Z
3410504,2018-12-29,RDU,LGA,OO,N282SY,3651,1900,1910,2048,2031,1929,2027,0,0,0,0,0,False,False,Z
3410505,2018-12-29,LGA,DEN,WN,N8723Q,4808,1910,1955,2155,2228,2019,2223,23,0,0,0,10,False,False,Z
3410506,2018-12-29,LGA,BNA,WN,N8657B,4726,1915,1934,2055,2100,1951,2057,0,0,0,0,0,False,False,Z
3410507,2018-12-29,LGA,ORD,OO,N278SY,4173,1915,1946,2106,2133,2002,2125,0,0,0,0,27,False,False,Z
3410508,2018-12-29,MCO,LGA,B6,N638JB,698,1920,1915,2157,2127,1925,2124,0,0,0,0,0,False,False,Z
3410509,2018-12-29,LGA,CVG,9E,N146PQ,5409,1925,1920,2148,2138,1937,2133,0,0,0,0,0,False,False,Z
3410510,2018-12-29,LGA,FLL,DL,N314DN,1702,1929,2001,2234,2303,2024,2257,14,0,0,0,15,False,False,Z
3410511,2018-12-29,LGA,BUF,9E,N582CA,5231,1929,1922,2106,2044,1943,2039,0,0,0,0,0,False,False,Z
3410512,2018-12-29,LGA,CLE,9E,N147PQ,5344,1929,1931,2129,2114,1955,2109,0,0,0,0,0,False,False,Z
3410513,2018-12-29,LGA,MIA,AA,N326RP,2809,1929,1922,2242,2231,1941,2216,0,0,0,0,0,False,False,Z
3410514,2018-12-29,LGA,ATL,WN,N938WN,5149,1930,2105,2205,2331,2116,2323,16,0,0,0,70,False,False,Z
3410515,2018-12-29,STL,LGA,WN,N426WN,5078,1930,2020,2245,2312,2030,2305,27,0,0,0,0,False,False,Z
3410516,2018-12-29,ATL,LGA,DL,N366NW,2186,1930,1928,2145,2129,1948,2121,0,0,0,0,0,False,False,Z
3410517,2018-12-29,CLE,LGA,9E,N295PQ,5230,1930,1916,2106,2049,1942,2037,0,0,0,0,0,False,False,Z
3410518,2018-12-29,ORD,LGA,AA,N969NN,194,1930,1946,2235,2238,2010,2234,0,0,0,0,0,False,False,Z
3410519,2018-12-29,LGA,DAL,WN,N8552Z,5482,1935,1945,2245,2256,2003,2253,0,0,0,0,0,False,False,Z
3410520,2018-12-29,LGA,FLL,B6,N258JB,1271,1935,1958,2245,2309,2026,2303,21,0,1,0,2,False,False,Z
3410521,2018-12-29,LGA,SDF,YX,N870RW,6004,1939,2000,2220,2241,2023,2235,21,0,0,0,0,False,False,Z
3410522,2018-12-29,LGA,IND,YX,N215JQ,5889,1940,1932,2215,2143,1946,2138,0,0,0,0,0,False,False,Z
3410523,2018-12-29,IAH,LGA,UA,N802UA,1501,1940,1952,2358,2350,2022,2348,0,0,0,0,0,False,False,Z
3410524,2018-12-29,LGA,TPA,DL,N309US,1962,1941,1934,2255,2220,1953,2217,0,0,0,0,0,False,False,Z
3410525,2018-12-29,PBI,LGA,DL,N355NW,2803,1941,1942,2236,2211,1955,2205,0,0,0,0,0,False,False,Z
3410526,2018-12-29,LGA,DTW,DL,N951AT,1599,1943,1932,2149,2128,1949,2122,0,0,0,0,0,False,False,Z
3410527,2018-12-29,LGA,MIA,DL,N362DN,896,1945,1940,2307,2237,1959,2230,0,0,0,0,0,False,False,Z
3410528,2018-12-29,LGA,PBI,DL,N338NW,1190,1945,1944,2247,2236,2005,2231,0,0,0,0,0,False,False,Z
3410529,2018-12-29,MIA,LGA,AA,N979AN,1171,1950,1954,2252,2250,2009,2231,0,0,0,0,0,False,False,Z
3410530,2018-12-29,MCO,LGA,AA,N966AN,1210,1951,2014,2229,2230,2026,2225,0,0,0,0,0,False,False,Z
3410531,2018-12-29,FLL,LGA,DL,N311DN,952,1953,1943,2253,2215,1957,2210,0,0,0,0,0,False,False,Z
3410532,2018-12-29,LGA,STL,WN,N276WN,2685,1955,2035,2200,2226,2046,2215,9,0,0,0,17,False,False,Z
3410533,2018-12-29,LGA,MCI,YX,N823MD,6093,1955,1954,2237,2236,2015,2232,0,0,0,0,0,False,False,Z
3410534,2018-12-29,TPA,LGA,DL,N332NB,842,1955,1943,2239,2201,1953,2156,0,0,0,0,0,False,False,Z
3410535,2018-12-29,JAX,LGA,9E,N337PQ,5062,1956,2035,2215,2237,2052,2232,2,0,0,0,20,False,False,Z
3410536,2018-12-29,LGA,MCO,DL,N334DN,1485,1959,1956,2304,2240,2017,2232,0,0,0,0,0,False,False,Z
3410537,2018-12-29,MCO,LGA,DL,N349DX,2108,1959,1957,2234,2231,2032,2227,0,0,0,0,0,False,False,Z
3410538,2018-12-29,LGA,BNA,MQ,N840AE,3420,1959,1951,2141,2142,2013,2137,0,0,0,0,0,False,False,Z
3410539,2018-12-29,LGA,BOS,YX,N214JQ,6074,2000,2028,2118,2125,2042,2117,0,0,0,0,0,False,False,Z
3410540,2018-12-29,LGA,ATL,DL,N356DN,2761,2000,1953,2241,2228,2008,2207,0,0,0,0,0,False,False,Z
3410541,2018-12-29,LGA,HOU,WN,N239WN,4586,2005,2032,2325,2339,2044,2335,0,0,0,0,0,False,False,Z
3410542,2018-12-29,CHO,LGA,MQ,N818AE,3604,2005,2000,2129,2112,2014,2104,0,0,0,0,0,False,False,Z
3410543,2018-12-29,MSP,LGA,DL,N337DN,1596,2007,2005,2342,2315,2019,2309,0,0,0,0,0,False,False,Z
3410544,2018-12-29,DTW,LGA,DL,N328NB,973,2010,2009,2212,2131,2021,2126,0,0,0,0,0,False,False,Z
3410545,2018-12-29,LGA,TYS,9E,N904XJ,5311,2012,2012,2236,2225,2032,2220,0,0,0,0,0,False,False,Z
3410546,2018-12-29,LGA,FLL,NK,N639NK,779,2014,2045,2322,2340,2102,2334,0,0,18,0,0,False,False,Z
3410547,2018-12-29,LGA,TPA,WN,N273WN,3855,2015,2130,2325,23,2141,19,5,0,0,0,53,False,False,Z
3410548,2018-12-29,LGA,CHS,OO,N289SY,3757,2016,2006,2239,2214,2028,2211,0,0,0,0,0,False,False,Z
3410549,2018-12-29,PHL,LGA,AA,N947UW,1655,2017,2010,2117,2056,2027,2052,0,0,0,0,0,False,False,Z
3410550,2018-12-29,CVG,LGA,9E,N298PQ,5305,2020,2009,2216,2139,2019,2135,0,0,0,0,0,False,False,Z
3410551,2018-12-29,FLL,LGA,B6,N351JB,1472,2020,2057,2309,2332,2111,2328,12,0,0,0,11,False,False,Z
3410552,2018-12-29,MIA,LGA,DL,N360NW,1077,2022,2029,2329,2309,2046,2303,0,0,0,0,0,False,False,Z
3410553,2018-12-29,CLT,LGA,AA,N189UW,1942,2027,2031,2221,2158,2044,2153,0,0,0,0,0,False,False,Z
3410554,2018-12-29,LGA,CMH,MQ,N808AE,3431,2029,2021,2228,2220,2036,2211,0,0,0,0,0,False,False,Z
3410555,2018-12-29,ATL,LGA,DL,N342NW,442,2030,2033,2242,2226,2052,2222,0,0,0,0,0,False,False,Z
3410556,2018-12-29,LGA,RDU,MQ,N819AE,3948,2030,2019,2216,2148,2035,2146,0,0,0,0,0,False,False,Z
3410557,2018-12-29,FLL,LGA,NK,N659NK,710,2030,2032,2322,2310,2047,2302,0,0,0,0,0,False,False,Z
3410558,2018-12-29,LGA,RDU,OO,N270SY,3854,2030,2035,2230,2215,2053,2209,0,0,0,0,0,False,False,Z
3410559,2018-12-29,LGA,SAV,OO,N284SY,4148,2030,2024,2308,2237,2039,2233,0,0,0,0,0,False,False,Z
3410560,2018-12-29,MIA,LGA,AA,N832NN,360,2032,2054,2329,2342,2115,2338,0,0,0,0,0,False,False,Z
3410561,2018-12-29,LGA,MSN,OO,N268SY,3671,2046,2041,2233,2232,2055,2227,0,0,0,0,0,False,False,Z
3410562,2018-12-29,ATL,LGA,WN,N7882B,3642,2050,2105,2300,2257,2123,2252,0,0,0,0,0,False,False,Z
3410563,2018-12-29,LGA,MDW,WN,N7833A,4558,2050,2341,2220,104,2350,101,17,0,0,0,147,False,False,Z
3410564,2018-12-29,LGA,CAE,9E,N691CA,3395,2054,2100,2312,2259,2117,2252,0,0,0,0,0,False,False,Z
3410565,2018-12-29,LGA,GRR,YX,N357FC,5871,2057,2111,2318,2330,2131,2325,0,0,0,0,0,False,False,Z
3410566,2018-12-29,LGA,PIT,YX,N202JQ,5919,2059,2055,2242,2229,2109,2213,0,0,0,0,0,False,False,Z
3410567,2018-12-29,LGA,ATL,DL,N380DA,1989,2100,2103,2335,2326,2123,2320,0,0,0,0,0,False,False,Z
3410568,2018-12-29,LGA,RIC,OO,N275SY,3843,2100,2156,2235,2309,2208,2305,0,0,0,0,34,False,False,Z
3410569,2018-12-29,LGA,MCO,B6,N524JB,499,2106,2142,2356,25,2154,12,14,0,0,0,15,False,False,Z
3410570,2018-12-29,LGA,OMA,9E,N932XJ,5123,2108,2101,2344,2347,2125,2341,0,0,0,0,0,False,False,Z
3410571,2018-12-29,ATL,LGA,DL,N323US,2170,2130,2247,2342,38,2302,33,49,0,0,0,7,False,False,Z
3410572,2018-12-29,LGA,GSP,OO,N282SY,3807,2130,2119,2347,2329,2138,2326,0,0,0,0,0,False,False,Z
3410573,2018-12-29,LGA,FLL,B6,N588JB,1371,2130,2218,31,103,2228,59,12,0,0,0,20,False,False,Z
3410574,2018-12-29,DTW,LGA,DL,N365NW,788,2148,2217,2344,2351,2245,2344,0,0,0,0,0,False,False,Z
3410575,2018-12-29,LGA,SYR,OO,N292SY,3712,2155,2156,2304,2300,2209,2256,0,0,0,0,0,False,False,Z
3410576,2018-12-29,LGA,ROC,OO,N290SY,3716,2157,2206,2321,2322,2223,2319,0,0,0,0,0,False,False,Z
3410577,2018-12-29,LGA,BTV,9E,N836AY,5336,2157,2153,2316,2309,2207,2254,0,0,0,0,0,False,False,Z
3410578,2018-12-29,LGA,ORD,NK,N901NK,331,2159,2151,2327,2317,2206,2311,0,0,0,0,0,False,False,Z
3410579,2018-12-29,LGA,BGR,9E,N8886A,5193,2159,2154,2328,2318,2217,2312,0,0,0,0,0,False,False,Z
3410580,2018-12-29,LGA,MIA,F9,N335FR,1597,2250,2247,212,149,2306,143,0,0,0,0,0,False,False,Z
